2534
6.8 1
0.61 0.69 1.0
0.67 0.75 1.0
0.79 0.84 1.0
0.97 0.97 1.0
1.0 0.96 0.92
1.0 0.82 0.63
1.0 0.8 0.44
3.53573 -0.172928 5.4 G5
1.59511 1.02878 5.4 K0
3.89507 -1.09222 5.4 B3
1.87887 -0.705345 5.4 A2
1.58897 -0.0730809 5.4 B3
3.24941 -1.02477 5.4 MB
6.23984 0.186213 5.4 A3
0.764328 -0.419954 5.4 A5
1.92465 -0.555473 5.4 B5
0.680553 0.379546 5.4 A2
1.64806 0.933355 5.4 F5
5.09958 0.486233 5.4 B9
3.25685 0.457091 5.4 A0
1.0474 -0.00703731 5.4 F5
3.98241 0.0894271 5.4 K0
4.21575 1.18581 5.4 A0
1.31555 -0.859075 5.4 F5
5.66455 0.751297 5.4 K5
5.49681 -0.677678 5.4 F0
1.05395 0.0469922 5.4 F5
4.28124 -0.653643 5.4 B8
3.86076 -0.451675 5.4 G5
0.0800414 -1.22003 5.4 B9
5.62406 -0.722582 5.4 K0
5.84181 -0.381346 5.4 K0
5.11757 0.512287 5.4 ++
2.52372 1.26504 5.4 K0
0.193683 1.30158 5.4 B8
5.7998 0.882714 5.4 A2
5.04977 0.214344 5.4 F0
2.18156 -1.24539 5.4 B9
4.91616 -0.355755 5.4 K0
4.185 0.583872 5.4 F8
5.83788 0.0966487 5.4 B5
2.55845 -1.33593 5.4 K0
4.91761 1.29204 5.4 G5
0.611974 -0.419624 5.4 F5
1.95663 -1.37865 5.4 K2
2.14728 -0.873425 5.4 K5
4.77386 0.735504 5.4 B5
5.83624 -0.140899 5.4 B8
5.83621 1.4985 5.4 A0
2.71091 -0.658958 5.4 A3
4.24466 0.593134 5.4 G0
4.24462 -0.937026 5.4 M0
2.65189 -1.06996 5.4 M2
2.24317 -1.01318 5.4 B3
2.48855 -0.705591 5.4 K0
2.46916 -1.40624 5.4 F2
5.80323 0.987684 5.4 F8
2.65141 -0.219355 5.4 F0
3.07292 0.97575 5.4 K0
1.09457 0.132467 5.4 F0
4.41162 0.554722 5.4 F0
0.701861 -0.890385 5.4 F5
3.15054 -1.18771 5.4 A0
2.4666 -0.102133 5.4 G0
2.80601 0.540113 5.4 B9
6.10633 0.550446 5.4 B8
4.4779 0.628302 5.4 A5
5.22136 0.538381 5.4 B8
2.19892 -0.0667031 5.4 A5
5.32284 0.423862 5.4 B8
1.10892 -1.08764 5.4 K0
2.64992 -1.14441 5.4 K0
1.89357 -0.270452 5.4 A2
3.02439 1.21477 5.4 K0
0.773583 0.910267 5.4 B5
1.11679 1.13483 5.4 G0
1.11878 1.46071 5.4 B3
1.11912 0.366921 5.4 B8
3.21406 1.31664 5.4 A2
1.95199 -0.675576 5.4 B8
4.23947 -0.824608 5.4 B8
5.80576 0.599651 5.4 K0
4.16125 -0.590297 5.4 A0
5.32631 0.0904415 5.4 K0
5.20508 -1.03036 5.4 A0
4.99075 0.930596 5.4 A0
4.55818 0.351199 5.4 B5
3.26601 0.433598 5.4 A3
5.51814 0.671947 5.4 K5
1.13243 0.445286 5.4 B9
4.99749 -0.338074 5.4 B3
1.68383 -1.21583 5.4 G5
3.81376 -0.801402 5.4 K0
5.82501 -0.940193 5.4 G0
5.21632 0.702188 5.4 B3
5.21629 0.290653 5.4 B9
3.07556 -1.00215 5.4 K5
1.14508 0.385495 5.4 F0
3.51954 1.05075 5.4 A0
5.80969 -0.488964 5.4 B9
6.09626 0.843882 5.4 K0
1.15321 0.399424 5.4 B5
4.95682 0.301808 5.4 F5
2.26253 -0.922875 5.4 B5
1.66608 -0.200744 5.4 K0
4.53877 -0.490374 5.4 K2
2.5271 -1.00802 5.4 A2
2.41821 -0.107225 5.4 K0
3.29451 -0.468844 5.4 F0
2.90805 -1.07645 5.4 A0
2.22594 1.14001 5.4 A0
4.2203 -0.0582345 5.4 K0
5.6891 -0.202414 5.4 A0
2.07586 0.0411808 5.4 K0
2.01178 0.452127 5.4 K5
3.82653 0.778758 5.4 A0
1.34747 0.279001 5.4 K0
2.4216 -0.684011 5.4 K0
4.39853 -0.718144 5.4 OE
2.07399 -0.756868 5.4 B3
4.16949 -0.430901 5.4 B8
2.81289 -1.117 5.4 B8
4.44685 -0.92789 5.4 F8
4.53256 0.56777 5.4 G0
5.00276 0.1046 5.4 F2
1.90767 -0.284488 5.4 F0
1.33768 0.170466 5.4 A2
2.42861 -1.19517 5.4 F2
1.33537 1.28955 5.4 A0
1.90597 -0.462395 5.4 G0
4.94695 0.0721776 5.4 A5
4.01341 0.577908 5.4 B9
6.27782 -0.883415 5.4 M0
1.20426 0.931603 5.4 F0
4.92181 1.31556 5.4 A0
4.11681 -0.0287799 5.4 B8
3.91956 -0.145241 5.4 A0
2.19276 -1.27825 5.4 A2
3.64907 0.382914 5.4 A0
2.06092 -0.623876 5.4 B3
1.20982 0.211204 5.4 B9
2.02335 -0.594691 5.4 F8
4.35021 0.979351 5.4 G5
4.51586 -0.422969 5.4 K0
0.581168 -1.18813 5.4 M0
0.793321 -0.136053 5.4 A3
5.5639 -0.317575 5.4 B8
3.23302 -0.613231 5.4 B9
0.796332 0.437414 5.4 B8
0.56839 0.887234 5.4 K0
2.06275 0.349372 5.4 A0
0.567214 0.366118 5.4 F5
1.23844 0.989093 5.4 A2
0.564887 0.524815 5.4 G0
3.04641 0.377527 5.4 G5
4.79286 -0.32959 5.4 F5
5.41343 0.875453 5.4 B3
1.23742 -1.04413 5.4 A3
0.0519359 -0.140649 5.4 M0
5.75072 -0.500812 5.4 B8
3.71928 0.180385 5.4 G5
4.50457 0.252121 5.4 MB
2.68407 -0.136459 5.4 F0
1.23589 0.202735 5.4 A0
2.25335 -1.09392 5.4 G5
4.79746 -0.640445 5.4 B8
5.55359 -0.364082 5.4 K0
5.1856 -0.698182 5.4 A0
0.148561 0.771665 5.4 K5
6.19537 -0.274454 5.4 K2
2.30291 -0.700458 5.4 A2
4.80256 -0.770339 5.4 B3
3.17861 -0.40708 5.4 A2
4.94489 -0.652911 5.4 B5
5.03546 0.0828171 5.4 A2
0.523761 1.34465 5.4 F0
1.22896 0.192939 5.4 A3
0.523758 0.576727 5.4 A2
2.11084 -0.924397 5.4 K2
5.7748 1.09155 5.4 K5
3.32828 0.797848 5.4 N3
0.519294 -0.527811 5.4 G5
6.19952 0.175473 5.4 M0
1.94666 0.868789 5.4 F5
0.513068 -0.73777 5.4 K0
2.13017 -0.834073 5.4 B3
4.9593 -0.225321 5.4 B5
5.13917 0.745286 5.4 B8
5.18709 0.67357 5.4 M0
3.71376 1.21592 5.4 M0
0.848296 0.765202 5.4 B5
2.13017 -0.834079 5.4 B3
3.26754 -1.03232 5.4 F8
5.4513 0.489777 5.4 F8
4.81994 0.00287708 5.4 A0
2.13417 -0.133033 5.4 G5
2.94401 0.0398935 5.4 K5
4.96019 0.23657 5.4 F5
3.02594 -0.826662 5.4 F0
4.94242 -0.746579 5.4 K0
5.4683 0.236138 5.4 K0
4.02069 -0.689989 5.4 A0
4.83055 -0.0352424 5.4 K0
2.67648 0.515926 5.4 A0
4.83369 -0.576381 5.4 A3
5.456 -0.698105 5.4 K2
0.45075 -0.4416 5.4 F0
0.731886 -0.491283 5.4 A0
3.76097 -0.429009 5.4 K0
3.26214 1.02417 5.4 A5
5.39913 -1.16831 5.4 B9
2.8386 0.957338 5.4 K0
2.49558 -0.85141 5.4 B3
5.68308 1.25822 5.4 K0
0.732652 -1.09979 5.4 A0
0.65032 0.627039 5.4 K0
1.45804 0.296902 5.4 A5
0.649752 0.0357198 5.4 K0
5.39679 0.00540068 5.4 K0
4.0842 0.707125 5.4 G5
5.01767 -0.140057 5.4 B3
1.62726 0.219362 5.4 B9
4.41533 -0.106006 5.4 K0
5.94605 -0.816999 5.4 K0
6.21608 -0.88146 5.4 B5
2.31217 -1.16249 5.4 F5
4.37828 0.15136 5.4 K2
0.688339 0.468576 5.4 A2
4.84627 -0.576928 5.4 B3
4.8473 0.532594 5.4 B8
0.911775 0.800919 5.4 F0
5.60889 0.478046 5.4 A0
2.67077 -1.15409 5.4 A3
4.28441 1.20821 5.4 K0
0.0960652 1.07432 5.4 B9
2.10452 -0.567796 5.4 M0
0.167555 0.683899 5.4 G5
5.39056 0.195512 5.4 A2
4.85555 0.913037 5.4 K0
2.35702 -0.907414 5.4 B9
5.0423 0.400278 5.4 B0
3.46492 -0.545278 5.4 K0
3.27768 0.585097 5.4 K0
3.27771 -0.160158 5.4 A0
2.11544 0.379233 5.4 G0
0.0940524 0.903086 5.4 B3
4.86108 0.158504 5.4 F2
4.2788 -0.68204 5.4 G0
4.86169 0.115732 5.4 F2
5.29421 0.407618 5.4 G5
1.45219 -0.0946173 5.4 OE
5.95536 -0.346878 5.4 G5
2.54383 1.0011 5.4 M0
6.17593 0.316315 5.4 A0
1.7832 1.03865 5.4 ++
3.88958 -0.426539 5.4 K0
1.83035 -0.0986011 5.4 K5
4.07573 0.177607 5.4 K0
6.05192 0.14671 5.4 MB
2.79575 -1.02893 5.4 B3
1.93214 -0.553435 5.4 G5
0.633675 0.513952 5.4 F0
4.86944 -0.754524 5.4 MB
5.96988 -0.688047 5.4 K2
0.967896 0.421214 5.4 B5
3.22163 -0.231926 5.4 K0
5.61475 1.16223 5.4 B5
3.6932 0.86732 5.4 M0
3.8684 -0.24333 5.4 A2
4.76576 -0.362067 5.4 B0
5.24013 1.12889 5.4 M0
0.973081 0.102885 5.4 B3
0.977358 1.23428 5.4 A0
3.77047 0.33948 5.4 A5
3.69107 0.769543 5.4 M3
4.27812 0.59194 5.4 M0
1.87116 -0.0038038 5.4 F0
4.07278 0.683734 5.4 M0
5.85398 -1.01311 5.4 G5
3.37577 0.673425 5.4 A0
0.98936 -0.65928 5.4 A0
1.81296 -0.428725 5.4 F5
2.37077 0.0923847 5.4 K0
1.60493 1.14723 5.4 K0
3.0685 -0.792595 5.4 B8
0.9918 0.443839 5.4 A3
3.35761 -1.48095 5.4 K0
2.37516 -1.49167 5.4 F0
5.79429 -0.206152 5.4 B5
4.14911 -0.425611 5.4 B5
4.1493 -0.415923 5.4 B3
2.2221 -0.338723 5.4 A0
2.92866 0.0035389 5.4 A0
3.80932 -0.803344 5.4 K2
4.32368 -1.14131 5.4 K0
5.84845 -1.26536 5.4 G0
2.37803 0.521094 5.4 G5
1.37753 0.588129 5.4 A0
1.5396 0.352005 5.4 M7
0.0829476 -0.510646 5.4 G5
5.20923 0.197042 5.3 A2
0.6662 -1.38453 5.3 K0
2.58511 0.873659 5.3 A2
4.59887 -0.950667 5.3 A3
5.07577 0.343816 5.3 K0
5.23556 0.432786 5.3 F0
3.72169 -1.04165 5.3 M4
1.38606 -0.215818 5.3 B5
0.28508 -1.08284 5.3 K0
5.51244 -0.567979 5.3 K0
3.70837 -0.471706 5.3 K0
1.31679 1.02809 5.3 B3
5.36902 -0.779939 5.3 K0
2.32201 -0.82606 5.3 A5
1.20028 -0.0448899 5.3 A5
1.72752 -0.563673 5.3 G5
4.52155 0.190543 5.3 K5
5.23574 0.872049 5.3 K0
2.15771 -1.09539 5.3 A2
0.293406 1.19578 5.3 A0
3.87426 -0.275597 5.3 F5
1.19838 0.015682 5.3 B5
4.09906 0.227008 5.3 A0
1.92943 0.205409 5.3 A2
3.895 -0.587373 5.3 A0
1.87841 0.283537 5.3 M3
4.62587 -0.904251 5.3 G5
4.65475 0.447471 5.3 K0
4.601 1.08058 5.3 F8
1.12778 -0.36229 5.3 A0
4.18438 0.313378 5.3 G5
4.40921 -0.728243 5.3 B0
0.679609 -0.920816 5.3 A5
0.110993 0.307464 5.3 MB
3.4613 -0.343442 5.3 K0
4.09882 -0.650415 5.3 K0
0.933794 -0.307727 5.3 A0
1.55445 0.009598 5.3 A0
5.66869 -0.409977 5.3 K0
1.48553 -0.605475 5.3 B9
1.32364 -1.24587 5.3 K0
0.759719 -0.0682862 5.3 A2
1.06262 0.479387 5.3 A0
4.21417 0.299827 5.3 G5
1.2942 -1.30925 5.3 K0
0.283302 0.954273 5.3 G5
1.75902 0.761476 5.3 G0
5.03103 1.00563 5.3 K0
1.83636 0.19245 5.3 K2
4.29042 -1.11608 5.3 F0
2.14692 -0.817501 5.3 B3
2.99398 -0.739996 5.3 B9
2.26419 -1.22536 5.3 A0
0.364574 0.330089 5.3 F0
1.72499 0.697215 5.3 B8
5.65232 0.333231 5.3 F0
6.1088 -0.267279 5.3 A3
1.2189 0.755238 5.3 A0
1.04282 -0.0294677 5.3 B5
5.27053 -0.632307 5.3 K5
2.79523 0.811006 5.3 F0
4.44953 0.58712 5.3 A2
6.14716 0.680005 5.3 K0
2.56567 -0.794103 5.3 B8
4.38649 0.093113 5.3 A0
2.98041 -0.624624 5.3 K0
0.427188 -0.985202 5.3 G5
2.48396 0.173438 5.3 K0
1.58448 0.671765 5.3 A3
5.60723 0.848527 5.3 A3
0.5802 0.578184 5.3 A0
3.56734 0.928052 5.3 A2
0.872103 0.358918 5.3 K0
0.668592 1.26714 5.3 K0
5.39271 -1.05973 5.3 F8
2.42789 -0.887324 5.3 B9
2.08137 1.38964 5.3 A0
1.44708 0.0651757 5.3 A2
3.93598 -0.713378 5.3 K0
5.65931 0.035218 5.3 K0
1.79712 -0.0185522 5.3 A2
2.04839 -0.240229 5.3 G0
5.7062 0.297621 5.3 F2
3.21999 -0.382892 5.3 B8
1.94069 0.376103 5.3 F5
1.805 -0.399255 5.3 B3
0.359837 -0.728712 5.3 K0
0.871202 0.855842 5.3 B3
1.69553 -0.876208 5.3 F2
0.435359 0.349523 5.3 G5
3.14623 -0.735728 5.3 F0
2.60369 -0.622228 5.3 F0
3.13414 -0.338255 5.3 B3
2.57021 0.429924 5.3 A2
2.38948 0.543985 5.3 M6
1.26932 1.41575 5.3 K0
4.83602 -0.799251 5.3 B5
5.22121 -0.607972 5.3 A3
1.41516 0.601008 5.3 K0
1.94319 0.122965 5.3 A5
0.113356 -0.701463 5.3 K5
1.46516 -0.50123 5.3 F2
1.39267 1.00354 5.3 A0
0.432036 1.22821 5.3 A0
1.4148 0.31278 5.3 B3
0.694221 -0.955801 5.3 F2
5.48284 0.0715706 5.3 F5
1.45035 0.419024 5.3 B3
5.60387 -1.2169 5.3 MB
1.76213 0.8525 5.3 K0
1.52259 -0.131423 5.3 B3
0.380009 0.815942 5.3 G5
1.44419 -0.0207644 5.3 B2
1.63342 0.173875 5.3 A2
3.84541 -1.09369 5.3 A5
3.44056 -0.752286 5.3 K0
6.21265 0.0560141 5.3 N0
4.52967 0.446579 5.3 A2
3.00847 -1.03392 5.3 A2
1.50672 0.112367 5.3 A3
2.76837 -1.03505 5.3 K0
0.231885 -1.21819 5.3 K0
2.82146 0.188675 5.3 A0
1.1588 0.283609 5.3 G5
4.83837 -0.693603 5.3 A2
3.378 -0.888865 5.3 B8
5.04399 0.0173277 5.3 K0
1.05195 0.0924864 5.3 B3
5.39515 -0.264095 5.3 B5
3.63086 -0.0219544 5.3 K0
1.70449 -0.657248 5.3 G5
2.40219 0.757914 5.3 B8
4.50413 -0.463032 5.3 K0
4.50413 -0.463057 5.3 K0
0.034072 -1.43993 5.3 K0
1.01385 0.832982 5.3 B5
1.45382 -0.0852961 5.3 F0
1.54345 -0.918841 5.3 A5
1.85149 -0.195751 5.3 B3
2.98253 -1.11171 5.3 F5
1.76154 -0.257293 5.3 A2
3.03589 -1.07424 5.3 A0
2.02583 0.585386 5.3 K2
2.00839 0.882335 5.3 A0
0.33562 1.01176 5.3 F5
2.19961 -0.732842 5.3 B3
1.77454 -0.263317 5.3 B5
1.6784 0.00577374 5.3 K0
1.11984 0.377941 5.3 A0
2.73672 -1.11554 5.3 K5
1.22823 -0.882693 5.3 G5
1.45176 -1.12156 5.3 G5
5.14965 0.204335 5.3 ++
1.76815 -0.156076 5.3 K5
4.72951 0.387687 5.3 M0
1.05401 1.40613 5.3 ++
0.119894 0.514457 5.3 F0
3.22591 -1.17364 5.3 A5
1.84732 -0.989135 5.3 A0
5.24881 0.346387 5.3 K0
4.99423 -1.19563 5.3 K0
0.726479 0.3012 5.3 B5
1.96132 0.0352893 5.3 A5
1.44058 -0.0283888 5.3 B2
1.62549 0.282051 5.3 B9
2.03337 -0.811291 5.3 B2
1.63829 -0.293142 5.3 K0
3.73574 -1.06539 5.3 A3
1.9721 0.542298 5.3 K0
2.90143 -0.739469 5.3 A2
5.52265 -0.373426 5.3 A0
0.840441 0.885824 5.3 K0
6.11106 0.21013 5.3 K0
3.50471 -0.689314 5.3 K0
2.7278 1.44538 5.3 F2
0.184422 -0.388872 5.3 A5
1.64091 -0.348128 5.3 B3
5.61822 0.808426 5.3 K0
2.02248 0.190095 5.3 A0
5.39833 -0.319675 5.3 M0
6.20294 -0.323838 5.3 B8
1.6976 -0.215635 5.3 K0
2.11662 -0.356201 5.3 A3
0.526559 1.32429 5.3 G5
1.84333 -0.737619 5.3 A2
1.62885 1.07398 5.3 M0
3.05097 -0.562374 5.3 K5
4.93115 0.372865 5.3 B9
4.57198 -0.0178517 5.3 G5
2.71174 -1.16323 5.3 B8
1.91045 1.52064 5.3 M0
3.35438 1.46057 5.3 A2
5.66722 -0.249085 5.3 G5
6.2342 -0.33488 5.3 A0
6.18726 -0.564609 5.3 K0
1.06426 0.503838 5.3 F0
5.77706 0.781394 5.3 K5
3.4264 -0.182797 5.3 K0
4.1354 0.0409751 5.3 K0
1.14719 0.546775 5.3 K0
6.18155 0.876062 5.3 B9
1.88302 1.04247 5.3 K0
1.7701 -0.893758 5.3 K2
5.97717 0.167013 5.3 F5
0.950309 1.10055 5.3 M0
2.84071 -0.346782 5.3 F5
4.07035 1.35292 5.3 K5
5.68253 -0.162544 5.3 K0
2.33765 -1.03037 5.3 B3
5.91303 -0.0783041 5.3 K0
2.75602 -0.409924 5.3 K2
0.437183 -0.0687896 5.3 G5
0.264286 -0.814473 5.3 K0
2.99491 0.691366 5.3 A2
4.27868 0.590249 5.3 K5
1.76996 -0.661017 5.3 B9
1.92284 0.711581 5.3 K0
5.89904 -0.365908 5.3 F5
2.03735 -0.432598 5.3 G0
3.98107 0.512234 5.3 A0
5.02971 -0.795091 5.3 K0
5.5408 -0.691673 5.3 F5
3.19143 -0.793181 5.3 K0
6.0933 -0.239655 5.3 G5
2.37379 1.1707 5.3 K5
4.90546 -0.706184 5.3 G0
1.12472 0.261401 5.3 F0
3.73871 0.230978 5.3 F0
0.328196 0.0584987 5.3 A2
1.52927 1.0451 5.3 A0
0.744144 0.665585 5.3 F0
0.435839 -0.568602 5.3 K0
0.851092 0.873375 5.3 B3
3.26346 1.21262 5.3 M0
6.05413 0.166691 5.3 B8
4.92486 -0.910488 5.3 K0
3.37499 1.14684 5.3 F0
6.02887 -0.946554 5.3 K5
3.51833 -0.888493 5.3 A2
3.94371 -0.280373 5.3 K0
0.59361 0.495898 5.3 A2
4.37038 -1.1697 5.3 A0
3.33423 0.294092 5.3 K2
1.33014 0.355247 5.3 A3
5.11842 0.738312 5.3 A2
1.74338 -0.159132 5.3 K5
4.31265 0.359316 5.3 G5
4.85315 -0.192298 5.3 G5
2.32421 0.49078 5.3 G5
1.89113 -0.534033 5.3 B5
1.20412 0.924715 5.3 K0
4.96424 0.456579 5.3 K0
3.9296 -1.11417 5.2 G5
3.05922 -1.0858 5.2 F8
1.33626 -0.0788825 5.2 F5
3.9827 -0.720943 5.2 ++
2.59456 0.720728 5.2 F5
3.73596 -1.39417 5.2 B5
2.01326 -0.786191 5.2 G5
0.362856 -0.259328 5.2 G5
1.50482 0.242306 5.2 B5
3.24365 0.685841 5.2 K0
4.9697 0.880725 5.2 B3
1.48305 0.0253421 5.2 G5
5.3738 0.224358 5.2 A2
1.69562 -0.991663 5.2 K0
1.34029 -1.10763 5.2 MB
1.78265 0.380865 5.2 A0
1.26406 0.247295 5.2 M0
4.5296 0.316029 5.2 M0
3.46575 0.169033 5.2 G0
1.25637 -0.284536 5.2 K0
2.51078 -1.40878 5.2 B3
3.07765 0.148766 5.2 A0
4.22336 -0.511136 5.2 K0
1.17505 -0.786448 5.2 B3
1.93037 -0.281029 5.2 B3
4.59091 1.18974 5.2 K0
3.57349 -0.147505 5.2 M0
3.7392 -0.0355214 5.2 K0
0.0806335 0.657847 5.2 F5
1.57622 -0.458724 5.2 G5
4.0648 -0.486598 5.2 K0
0.420361 0.77026 5.2 G5
3.59545 -0.628361 5.2 A0
4.95303 0.573098 5.2 G0
2.3845 0.388316 5.2 G5
4.28733 -0.40725 5.2 B5
5.02101 0.990883 5.2 K0
5.46475 0.486362 5.2 K5
5.50464 -0.958644 5.2 K0
1.82983 0.423915 5.2 K0
6.09277 -0.172515 5.2 A0
2.49761 -0.890681 5.2 B3
5.92047 1.10522 5.2 A2
5.09657 -0.0505192 5.2 M0
5.18638 0.179581 5.2 G0
3.01254 -0.537754 5.2 M0
0.636663 -0.594009 5.2 A2
4.40556 0.431781 5.2 K0
1.91422 0.643268 5.2 K0
0.111405 0.770008 5.2 A2
5.71845 -0.240647 5.2 F0
5.77531 1.08274 5.2 OE
5.99896 0.84503 5.2 B3
6.18367 -0.253046 5.2 A5
3.89077 -1.04563 5.2 K0
0.760288 0.553866 5.2 A0
4.73475 0.533261 5.2 F8
2.49104 -0.364662 5.2 K0
3.16415 -1.31055 5.2 K0
5.18962 0.922589 5.2 K2
2.07821 -0.793112 5.2 K5
0.121646 -0.419997 5.2 A3
4.70967 0.37689 5.2 G5
5.43313 0.596718 5.2 K0
0.768726 -0.0520261 5.2 A2
3.85504 -0.910596 5.2 K0
2.79042 1.21018 5.2 K0
3.71515 -0.992272 5.2 B3
1.57295 0.343712 5.2 B8
2.2895 -0.0298933 5.2 A0
2.73553 -0.0433288 5.2 B9
2.17931 -0.633978 5.2 B3
2.26231 -0.699627 5.2 B9
0.142562 -0.0675069 5.2 G0
0.605862 0.97072 5.2 A2
2.25031 -0.455163 5.2 A0
3.64646 -0.431601 5.2 B8
3.94814 0.955534 5.2 G5
1.45266 -0.0950755 5.2 B1
0.211244 -0.894646 5.2 F5
1.61032 -1.20136 5.2 B9
5.76927 -0.0200544 5.2 A3
0.0401194 -0.618072 5.2 F5
2.41211 -0.966248 5.2 K0
3.28393 0.32554 5.2 K0
0.505792 1.12363 5.2 A0
3.28584 -0.711164 5.2 A5
3.28393 0.32554 5.2 K0
2.33203 0.270799 5.2 A3
4.547 -0.882964 5.2 K0
2.08109 -0.404451 5.2 G5
3.11307 -0.294479 5.2 A0
1.76527 -0.25082 5.2 B8
6.15869 0.541911 5.2 K2
5.39612 0.172943 5.2 G5
2.27812 -0.866402 5.2 B2
1.14032 -1.10837 5.2 K0
0.500097 0.30673 5.2 G5
3.28396 1.22692 5.2 K0
0.498849 -0.397416 5.2 K5
3.98831 1.17873 5.2 G0
5.91027 1.28078 5.2 F0
1.13965 -0.0673637 5.2 A2
2.34823 -1.02785 5.2 F0
2.99047 0.0546604 5.2 K0
2.30307 -0.568852 5.2 G5
0.207788 -0.190472 5.2 F5
3.64026 0.484094 5.2 K0
1.75654 -0.541366 5.2 B3
6.09903 0.0891536 5.2 K0
4.65948 0.886489 5.2 A2
0.707865 0.213568 5.2 A3
2.59851 0.22138 5.2 A0
1.38193 0.591802 5.2 A5
5.97676 0.7513 5.2 K5
3.32961 0.138691 5.2 A5
5.30898 0.607819 5.2 F5
5.07273 0.206577 5.2 G5
6.26126 -1.12706 5.2 A2
1.40172 0.651719 5.2 K5
2.19953 -0.899953 5.2 B3
0.860113 -1.09426 5.2 G0
5.53654 1.19183 5.2 M6
1.37129 1.38193 5.2 F8
2.30645 0.766447 5.2 G5
2.79451 -1.12058 5.2 B3
4.14744 -1.19479 5.2 K0
2.58531 -0.327628 5.2 M0
1.99225 0.310495 5.2 K5
5.12726 0.778126 5.2 G5
5.57779 1.12852 5.2 B3
0.313638 -0.142962 5.2 F0
2.21558 -0.777664 5.2 B5
4.82487 -1.52983 5.2 K0
1.40156 -0.243871 5.2 B3
1.9844 -0.069778 5.2 F5
2.5745 -0.137335 5.2 A2
0.8654 0.365964 5.2 B3
2.08439 -0.683451 5.2 F0
5.49532 0.802131 5.2 B3
1.91549 0.358485 5.2 K2
2.27 -0.789426 5.2 B5
4.24512 -1.37088 5.2 K5
2.19939 -0.899953 5.2 B3
2.75743 1.00079 5.2 F0
2.84914 0.589473 5.2 K0
2.75846 0.125869 5.2 K0
5.94222 0.725296 5.2 K0
0.202225 0.290965 5.2 F5
1.01603 1.06404 5.2 ++
2.34386 -0.821007 5.2 F0
4.74173 0.349695 5.2 A3
5.38488 -0.0475465 5.2 K5
5.28916 0.498155 5.2 A3
4.56524 0.00644904 5.2 A5
2.40162 1.07566 5.2 F8
0.0839592 -0.354914 5.2 M5
2.1687 0.477891 5.2 F5
2.12908 -0.767502 5.2 B3
2.19576 0.134894 5.2 K0
2.55418 0.807303 5.2 G0
3.13019 0.0686546 5.2 A0
4.83678 -0.321817 5.2 A0
1.62274 0.334669 5.2 F5
2.46384 -0.927846 5.2 B5
5.80239 1.03267 5.2 OD
0.132911 -1.10491 5.2 A2
6.12002 1.08225 5.2 K5
2.29881 -0.0568339 5.2 B9
5.34272 -0.32074 5.2 B8
4.06841 0.186812 5.2 F0
2.63634 -0.822487 5.2 K0
0.987012 0.418625 5.2 B8
3.85325 -0.440381 5.2 F5
5.81824 -0.73089 5.2 G5
1.3277 -0.0823891 5.2 B9
5.13443 0.0921964 5.2 B3
5.42939 0.278257 5.2 F8
4.00011 0.0340918 5.2 G0
0.570314 -0.540312 5.2 A0
5.37644 1.30522 5.2 A2
0.796012 -1.046 5.2 F0
1.74291 0.777976 5.2 K5
5.60824 0.644004 5.2 B3
3.51677 0.245135 5.2 G0
5.49226 -1.34769 5.2 F2
1.6471 -0.0509931 5.2 M0
1.50159 -0.564165 5.2 B2
5.93078 0.697501 5.2 B2
6.23929 0.328866 5.2 M0
5.22302 -1.1708 5.2 K0
4.13928 -0.0513223 5.2 A2
1.80562 -0.243952 5.2 G5
5.44498 -0.904011 5.2 K0
3.9832 -1.0607 5.2 OE
5.11541 -0.186248 5.2 G5
0.00847452 -0.188282 5.2 K2
4.98456 -0.91484 5.2 G0
0.284199 0.762296 5.2 A2
4.92189 0.567095 5.2 A2
1.90613 -0.682736 5.2 A2
5.05632 -0.951533 5.2 A0
2.50999 0.706253 5.2 A5
0.454659 -0.938505 5.1 A0
1.55638 -0.166858 5.1 A5
1.1244 -0.774697 5.1 K0
2.6487 -0.899985 5.1 B5
0.829988 -0.0241187 5.1 F8
1.62199 -1.3044 5.1 K0
0.968508 -0.023029 5.1 B8
1.09898 0.172551 5.1 B8
3.3634 0.375532 5.1 K0
3.00091 -0.0476024 5.1 K2
1.92284 1.44014 5.1 MB
1.42064 -1.02895 5.1 G5
0.987755 0.574906 5.1 A2
1.12257 0.475304 5.1 K0
4.94962 -0.361693 5.1 A0
5.42234 0.437916 5.1 K2
2.25559 -0.392538 5.1 G5
2.02303 -0.252043 5.1 F0
2.96745 0.763709 5.1 G5
3.47372 0.871697 5.1 A0
1.59615 -0.650044 5.1 B9
1.12206 0.601229 5.1 G5
1.84391 -0.864112 5.1 A2
4.32197 -0.76692 5.1 B0
1.71527 0.671739 5.1 N0
4.88846 -0.669744 5.1 A0
3.20264 0.581906 5.1 K0
1.6974 0.202125 5.1 A2
5.44675 0.765679 5.1 A5
0.527232 0.734645 5.1 A0
5.7911 -0.572378 5.1 F8
5.58685 0.115129 5.1 A0
2.86527 0.710309 5.1 G0
2.97091 -0.322974 5.1 F2
4.48519 0.712769 5.1 K0
2.7757 -0.290012 5.1 K0
5.75323 1.27307 5.1 F5
2.08905 -1.05503 5.1 M0
5.43279 -0.770952 5.1 F0
2.80257 -1.11174 5.1 B3
2.87126 0.689074 5.1 F0
1.78483 -0.598771 5.1 K0
1.13942 0.163121 5.1 A2
6.26724 -0.925463 5.1 K0
2.50705 0.123236 5.1 K0
1.01117 -0.608757 5.1 B5
3.2193 0.0626722 5.1 K0
2.07558 -0.767498 5.1 B3
4.7097 0.376896 5.1 A3
3.75987 0.105522 5.1 A3
1.8177 -0.594156 5.1 B5
4.12725 1.09526 5.1 A2
2.74635 -0.93307 5.1 G0
4.99436 0.191862 5.1 B8
2.89253 -0.471645 5.1 F5
4.19017 -0.449029 5.1 K0
4.75022 -0.413872 5.1 K0
5.82304 -1.40831 5.1 M3
1.8323 -1.18417 5.1 K2
1.78165 1.2034 5.1 B5
4.44465 -0.559746 5.1 B8
5.99623 0.863349 5.1 K0
2.04686 0.0330895 5.1 B8
5.78363 -0.598445 5.1 K5
0.853275 0.871163 5.1 B3
3.43112 -0.398828 5.1 K0
4.5328 0.428443 5.1 A0
3.20187 0.422775 5.1 K0
4.19983 -0.343248 5.1 B1
5.02301 0.0385231 5.1 B8
1.37999 0.384786 5.1 K0
3.41825 0.62947 5.1 B9
4.23034 -0.951261 5.1 K0
1.25027 0.652788 5.1 K2
4.8904 -0.145321 5.1 G5
5.22527 -1.03872 5.1 MB
3.03114 -1.06476 5.1 K0
5.0522 -0.0961805 5.1 G5
1.99883 -0.264358 5.1 K0
3.06614 0.148986 5.1 A3
1.25858 0.327363 5.1 F0
3.60912 -0.312167 5.1 K0
1.97005 -0.25158 5.1 ++
3.75646 0.151378 5.1 A0
0.584657 0.593352 5.1 G0
3.88207 -0.65622 5.1 B8
4.09059 0.642231 5.1 B8
2.08234 -0.0618195 5.1 K0
1.92173 0.438923 5.1 G5
1.66264 0.860723 5.1 K2
5.69329 -0.543334 5.1 A2
1.45671 -1.33305 5.1 K0
6.23624 -1.43635 5.1 G5
2.97614 -0.18474 5.1 K5
3.04195 -1.13657 5.1 ++
5.64674 0.788018 5.1 M4
6.216 1.01881 5.1 K0
4.67605 0.698417 5.1 K0
1.362 0.569531 5.1 A2
1.96679 0.278132 5.1 A2
1.09962 -0.18115 5.1 K0
1.40472 -0.016368 5.1 G5
4.06547 -0.157367 5.1 B5
0.430792 0.739382 5.1 F8
1.04838 1.03007 5.1 F0
3.24508 -1.09686 5.1 B5
0.540011 0.391145 5.1 A0
1.50565 -0.813577 5.1 K0
1.57862 -0.117031 5.1 B2
0.323222 -1.20674 5.1 F8
4.99826 0.62868 5.1 B5
5.08043 0.632097 5.1 A0
0.0336517 0.799259 5.1 F0
4.02073 -0.177044 5.1 F0
4.80081 0.856879 5.1 M0
2.14716 -0.631283 5.1 B3
1.27411 0.198024 5.1 A3
6.06157 0.14745 5.1 A3
2.77018 -0.473911 5.1 K5
1.10308 0.93355 5.1 A2
4.94875 -1.05189 5.1 K0
3.70056 -0.280417 5.1 M0
1.22299 -0.649978 5.1 F5
2.81446 -1.1191 5.1 B5
1.6463 -0.136144 5.1 B3
5.57016 0.763316 5.1 OE
4.48147 -0.776588 5.1 G5
3.23672 0.460342 5.1 A2
4.89418 0.968452 5.1 A0
5.22763 0.64411 5.1 B3
0.593591 0.822931 5.1 A0
2.37819 0.189728 5.1 B8
5.21404 1.02472 5.1 K2
0.793104 0.986307 5.1 K0
3.74817 -1.01634 5.1 G0
2.03176 -0.66997 5.1 B3
2.75253 -0.81586 5.1 K0
1.63029 0.214463 5.1 F5
6.02459 -0.611218 5.1 F0
1.90615 -0.639666 5.1 B3
4.89862 0.691442 5.1 A3
4.46931 0.951825 5.1 F5
0.776001 -1.12172 5.1 A5
4.04091 0.0351586 5.1 A5
5.14724 -0.28349 5.1 F0
0.145481 0.940616 5.1 B5
1.52692 -1.16787 5.1 B5
4.35192 0.855654 5.1 M0
0.380497 -0.382007 5.1 A0
4.17173 -0.726103 5.1 G5
2.97048 -0.626404 5.1 K5
3.60999 0.375448 5.1 K0
3.18471 1.35951 5.1 A5
2.13517 0.310668 5.1 G0
1.92627 -0.484086 5.1 K2
4.54042 -0.769981 5.1 B8
0.552264 0.448625 5.1 F0
4.96601 0.559805 5.1 K5
2.25869 -0.214632 5.1 K2
3.09532 -1.1332 5.1 B5
6.26622 -0.0669055 5.1 K0
2.78623 1.15155 5.1 K0
4.14702 -0.349399 5.1 B3
2.01583 -0.712282 5.1 K0
2.87174 0.111185 5.1 A5
1.72684 0.742376 5.1 G5
1.40283 0.302619 5.1 G0
4.79469 -0.675119 5.1 K0
3.20034 0.264894 5.1 A2
2.48383 0.201101 5.1 G5
5.35396 -0.0532865 5.1 K0
1.94911 0.48906 5.1 K0
5.02226 1.3348 5.1 F0
5.5357 -1.22753 5.1 M0
3.39416 0.542 5.1 K0
4.71346 0.363589 5.1 B3
4.00168 1.25673 5.1 K0
1.94203 -0.888668 5.1 K0
5.25667 0.409614 5.1 B3
0.567556 0.767914 5.1 K0
2.10439 0.231467 5.1 A0
6.0836 -0.139618 5.1 MB
6.02268 0.741566 5.1 A2
3.35655 0.485418 5.1 G0
1.61194 -0.1141 5.1 B3
5.65025 0.701417 5.1 A5
6.27996 -0.0576968 5.1 B8
0.906136 0.194889 5.1 A0
1.74312 0.308852 5.1 A0
4.08983 -0.412894 5.1 K0
4.73844 0.758423 5.1 G5
1.16078 0.225818 5.1 A5
4.0541 0.71563 5.1 K5
0.382061 0.102743 5.1 K2
6.2114 0.805341 5.1 ++
2.41091 -0.750833 5.1 B3
2.4558 -1.07219 5.1 G5
5.04168 0.20078 5.1 A5
1.20557 0.274069 5.1 A2
1.86846 0.687732 5.1 K2
4.45425 0.247181 5.1 M0
1.38869 0.728795 5.1 B3
3.44438 -0.27802 5.1 F2
2.20888 -0.92367 5.1 F0
4.00834 -0.833349 5.1 F8
5.16376 -0.347023 5.1 K0
0.285868 -0.728744 5.1 A3
3.24589 0.480751 5.1 A5
1.87382 -0.852609 5.1 K2
1.87382 -0.852609 5.1 K2
4.97429 0.817914 5.1 A5
3.13976 0.756129 5.1 A3
4.30383 -1.07382 5.1 K0
1.93258 0.163647 5.1 G5
4.36579 1.12894 5 K0
1.47613 -0.0201347 5 B3
4.27142 1.3242 5 F0
1.32102 0.899432 5 F0
3.41809 -0.841175 5 B3
3.3133 0.183449 5 A0
4.77176 1.12364 5 F5
0.767748 0.610588 5 K0
3.24845 0.473026 5 A2
5.34948 -0.313816 5 F0
1.17512 -0.00261397 5 K0
5.15951 0.64983 5 K0
2.53065 -0.413475 5 G0
2.05247 -0.603511 5 F2
4.09742 -0.340657 5 K5
2.87664 -0.0386588 5 M0
2.05268 0.469439 5 A2
6.08866 0.850706 5 M0
3.40622 -0.859729 5 A0
0.668664 0.0938308 5 G5
4.18909 -0.671338 5 B5
1.30956 -0.459803 5 K0
0.111054 -0.580899 5 MB
1.30575 -0.351219 5 B9
5.99908 1.46745 5 K5
3.35088 -0.588648 5 A0
3.77531 -0.510823 5 B8
5.0712 -0.42948 5 A5
5.44041 -0.592821 5 K0
3.15103 -1.33066 5 K5
2.53933 -0.48066 5 F5
1.42764 -0.0197226 5 K5
6.04177 0.439789 5 K0
0.038048 -0.274757 5 F5
3.12899 -1.36037 5 B9
4.35755 -0.308 5 K0
1.71065 0.489794 5 A0
4.79558 0.50344 5 A5
1.29092 0.660025 5 A0
6.19229 -0.315799 5 G0
1.58281 -0.287624 5 A0
4.79172 0.382904 5 K5
1.20672 -0.213292 5 A2
1.3286 0.324277 5 G0
0.298225 0.543833 5 A5
4.17395 0.958017 5 A5
1.7322 -0.246084 5 K0
2.55198 0.203534 5 M7
2.43492 -0.16306 5 G5
2.09636 0.487578 5 K0
2.75283 1.32595 5 G5
4.93864 -0.273442 5 B5
3.45198 -1.02689 5 F8
4.89699 0.0350385 5 B5
3.49559 -1.30246 5 K0
5.96787 1.44668 5 K0
5.1782 0.331882 5 A2
5.70561 0.522563 5 A0
6.21994 1.1786 5 A0
2.17192 -1.14242 5 K0
4.85075 0.994957 5 F8
3.94926 0.437429 5 F0
4.93922 0.883925 5 G5
1.62951 -0.23912 5 B9
4.31127 1.20212 5 B8
1.73352 -0.840807 5 K0
1.77041 1.18037 5 B3
5.7982 1.25829 5 G5
1.59959 -1.08464 5 K0
2.58281 -0.448484 5 K0
5.3946 0.417824 5 B5
4.99833 0.565865 5 F0
2.09311 -1.10704 5 B3
4.58707 0.963532 5 A5
0.899608 0.964832 5 A2
2.87097 0.0678297 5 K0
1.88376 -0.787058 5 A0
5.38178 -1.07693 5 F5
1.68201 -0.0825494 5 B3
2.26632 -0.275108 5 K0
5.24104 -0.561963 5 K0
4.58667 0.963732 5 A5
5.12342 -0.12462 5 B0
5.20223 1.00168 5 B5
1.26223 0.63915 5 K2
3.23584 0.904762 5 K0
4.24665 -0.871707 5 F8
1.68142 0.532777 5 G0
3.54548 0.653415 5 F0
3.61975 0.605476 5 M0
2.34776 1.18379 5 M0
1.86638 -0.0725638 5 K0
3.89258 -1.3345 5 K2
0.177545 0.815967 5 A5
3.7045 1.35756 5 K0
2.1165 -0.787509 5 K0
2.30412 -0.787508 5 A2
2.49561 0.695418 5 K0
0.346383 0.790066 5 K0
1.78241 -0.812633 5 F2
4.93558 -0.398078 5 G5
3.07233 -0.702113 5 G5
1.54364 -0.647988 5 K0
0.226966 1.02455 5 K0
4.83479 -0.801991 5 B8
1.76547 0.141247 5 K0
1.70646 -0.0206078 5 B3
4.30659 0.732877 5 MB
1.39715 0.0610498 5 B3
1.52648 0.0321927 5 K0
4.9397 -0.396811 5 K0
1.52609 -0.909659 5 K0
1.09614 0.159497 5 G5
0.20066 0.884811 5 B9
4.05785 0.716774 5 A2
0.369367 0.788004 5 F5
2.79558 0.409292 5 A2
2.27325 -0.923868 5 B5
2.70604 -0.722529 5 K5
0.661717 -0.496568 5 B9
1.77688 0.730286 5 K0
4.72641 -0.757988 5 A3
3.9774 -0.546879 5 F0
0.35941 1.18455 5 K0
4.82514 1.14376 5 K0
5.03837 -0.332374 5 K0
2.69224 0.344272 5 F5
4.75611 0.547887 5 M0
5.14564 0.792475 5 F2
5.28818 0.262567 5 A0
0.956439 0.59003 5 B2
0.864302 0.753119 5 A2
0.204476 -1.31241 5 K5
3.00828 -1.03264 5 F8
1.56856 -0.184956 5 B8
4.95004 -0.925135 5 B9
5.21814 -0.45959 5 G5
2.39659 -0.779508 5 B5
0.85842 0.0556434 5 G5
4.01922 0.531755 5 G0
3.74105 0.288591 5 K0
3.21279 -0.957579 5 M0
3.24551 -0.89315 5 B3
5.28716 0.814433 5 A2
3.46918 0.100056 5 M0
3.45502 -1.18037 5 B8
0.855896 -0.396067 5 K0
3.38791 0.308547 5 M0
4.94968 -0.103196 5 K0
0.489048 1.19452 5 B8
1.51682 0.650891 5 M0
0.489971 -0.745984 5 B9
4.6761 1.34339 5 F5
3.74158 -0.784655 5 F0
0.685667 -0.210896 5 F5
0.694131 0.697848 5 G0
1.89823 -0.637085 5 B3
3.84806 -0.610538 5 A0
2.73901 -0.00663148 5 B5
5.16847 0.586609 5 F5
6.20234 0.50762 5 K0
1.36746 -0.471204 5 B9
4.04006 -0.812642 5 K0
3.31198 -1.03693 5 B8
5.98957 0.149206 5 A0
3.14914 -1.09759 5 B3
3.87647 -0.0365102 5 K0
5.21468 -0.272719 5 A0
5.71938 0.44836 5 B3
5.6406 0.66862 5 K0
4.81092 0.689036 5 A2
2.41571 -0.669521 5 K0
4.68245 -0.773807 5 K0
1.83104 -0.895885 5 M0
1.46885 0.451533 5 B3
1.01132 -0.0541263 5 G5
4.81 -0.359019 5 ++
0.967107 1.10286 5 ++
0.837854 0.364085 5 A0
3.77699 -0.0349903 5 K0
3.45336 0.705412 5 K0
0.519042 0.946788 5 B8
3.83618 0.146165 5 G5
2.14254 -0.272906 5 G5
0.522301 -0.784587 5 K0
1.94703 0.492584 5 A2
0.983967 -0.419376 5 A2
1.50947 0.428523 5 K0
2.02122 0.325218 5 K2
0.98404 0.191829 5 B3
3.71675 -1.40979 5 A2
2.25859 -0.512815 5 G5
5.29123 0.639701 5 A0
2.41961 -0.768924 5 K5
4.4437 -0.0724175 5 K0
5.11168 -0.841407 5 K0
2.5216 -0.246172 5 B3
2.00184 1.02677 5 A2
4.18639 -1.00595 4.9 A2
4.18634 0.523421 4.9 A0
5.20031 0.145398 4.9 K0
1.61941 -1.14454 4.9 MB
0.300025 0.362494 4.9 K0
1.81049 -0.849179 4.9 M0
4.62701 -0.378051 4.9 F5
0.62079 0.873601 4.9 K5
5.25154 -0.925476 4.9 M0
2.07552 -0.527071 4.9 A2
4.46393 0.223543 4.9 A3
5.4896 0.825977 4.9 B0
0.220133 -0.0247038 4.9 K0
2.74485 -1.25202 4.9 A2
5.67754 1.2406 4.9 K0
3.84507 0.466691 4.9 M0
1.37741 -0.609872 4.9 K0
1.01661 1.0983 4.9 B9
2.30759 -0.80881 4.9 B0
3.42425 0.486817 4.9 K5
1.37715 0.699123 4.9 G0
2.44031 -0.449453 4.9 M0
6.04098 1.03235 4.9 B1
5.93153 0.506951 4.9 A0
5.51907 0.828102 4.9 K5
4.93258 1.03545 4.9 K0
1.29854 -0.220083 4.9 F0
2.74833 -1.27347 4.9 K5
1.08715 -0.735186 4.9 F0
5.30555 0.66107 4.9 B1
4.39723 0.804064 4.9 A2
2.38246 1.17529 4.9 F8
1.33882 0.271139 4.9 F0
4.22921 -0.173419 4.9 A2
5.88891 -1.08629 4.9 MB
3.39724 0.988476 4.9 F0
5.1047 0.599443 4.9 B3
1.53283 -0.590119 4.9 B5
5.44208 0.801593 4.9 B2
5.11549 0.343182 4.9 B8
5.07085 0.515262 4.9 B3
5.57445 -0.715973 4.9 A2
0.218457 1.06204 4.9 F8
2.32731 -0.479765 4.9 A2
1.83447 -0.0726974 4.9 B3
0.42594 0.703798 4.9 B8
6.02981 0.868824 4.9 K0
0.718925 -1.1838 4.9 A2
2.1369 -0.747649 4.9 A3
0.813594 1.29514 4.9 A2
5.21013 0.669383 4.9 B3
5.77336 0.0840093 4.9 K5
1.5485 0.452906 4.9 B2
5.81461 -0.725992 4.9 G0
0.843877 -0.157155 4.9 A3
4.21995 0.639084 4.9 K0
3.08719 -1.22082 4.9 G5
4.14109 0.368735 4.9 K5
1.98926 0.605645 4.9 F0
1.75328 1.03838 4.9 A2
3.04786 -1.07883 4.9 G0
4.38228 0.99258 4.9 F0
1.51293 0.220559 4.9 B9
6.12771 0.0171329 4.9 A2
1.61081 0.281758 4.9 B3
4.25508 -0.49727 4.9 A0
2.11493 0.901511 4.9 A2
4.40897 -0.737941 4.9 B1
3.70764 0.0461449 4.9 A0
4.81352 1.02575 4.9 A2
5.8701 0.0775673 4.9 K0
3.92663 0.439906 4.9 K5
5.65739 1.07959 4.9 B2
1.09728 0.704398 4.9 ++
5.88177 -0.190843 4.9 A0
6.26774 0.96825 4.9 B2
1.15095 0.254858 4.9 K0
5.18762 0.392379 4.9 B3
2.93454 0.407854 4.9 M0
6.17482 -0.798823 4.9 A2
1.47656 0.28815 4.9 B3
3.06404 -0.315427 4.9 G5
3.22097 0.315363 4.9 K0
5.36038 0.85142 4.9 B3
1.99706 -0.66658 4.9 B3
4.6543 -0.699465 4.9 A2
2.6074 0.144599 4.9 M0
5.93677 -0.727376 4.9 K0
0.989387 -0.659249 4.9 B8
1.12542 0.809508 4.9 B3
3.44378 -0.65517 4.9 G5
3.54126 0.0683314 4.9 A2
4.57434 -0.417585 4.9 A0
0.052408 0.347823 4.9 M0
5.84273 0.208614 4.9 B3
3.96825 -0.77341 4.9 B3
4.90463 0.464386 4.9 K0
4.97233 -0.735973 4.9 A0
2.41119 0.946488 4.9 A5
0.961058 -0.560199 4.9 B5
0.126579 -0.856604 4.9 A2
2.46535 -0.386129 4.9 K0
0.126541 0.946781 4.9 B8
2.44799 -0.499499 4.9 K0
1.89044 -0.840961 4.9 B8
4.32084 0.202354 4.9 K5
2.08863 -0.021859 4.9 K0
5.02862 -0.442347 4.9 F5
6.053 -0.396694 4.9 ++
4.30732 -0.436451 4.9 B3
2.18597 -0.8435 4.9 B2
4.68726 -0.727998 4.9 M0
0.17132 0.87683 4.9 B3
6.14231 1.01706 4.9 B3
5.06494 0.45667 4.9 B5
1.86389 -0.690703 4.9 B3
2.72944 -1.00153 4.9 F5
4.95244 1.24321 4.9 K0
5.94535 -0.938353 4.9 K0
1.4681 -0.126349 4.9 A3
0.395511 1.02933 4.9 K0
5.5046 -0.350007 4.9 A3
0.853445 0.594131 4.9 K0
2.44237 -1.08544 4.9 K0
2.26708 -0.82271 4.9 A3
5.93804 -0.333228 4.9 K5
0.892232 0.853295 4.9 B5
1.53001 0.972112 4.9 A2
4.63743 1.25967 4.9 F5
3.55716 0.637893 4.9 F0
3.36739 -0.161753 4.9 M3
4.61308 1.20046 4.9 F5
1.9828 -0.914929 4.9 K5
5.73882 1.10631 4.9 M2
0.181807 -0.189918 4.9 K0
5.92109 0.677006 4.9 OE
2.70766 1.14878 4.9 A0
4.8893 -1.13309 4.9 A2
6.09364 1.18399 4.9 G5
1.95047 0.211387 4.9 K0
3.728 0.900541 4.9 A5
4.29404 -0.320172 4.9 B3
3.33137 -0.981147 4.9 B3
4.45726 -0.594364 4.9 B1
5.43692 -0.810066 4.9 K5
1.43759 0.561247 4.9 B1
4.28943 -1.22129 4.9 G0
1.32501 -0.866466 4.9 K5
5.07873 0.00414438 4.9 F0
4.95391 -0.648816 4.9 F5
3.91294 1.15421 4.9 M3
2.37907 -1.22762 4.9 B3
3.75337 -0.48041 4.9 K2
1.91996 -0.330216 4.9 B8
3.83263 0.290278 4.9 A0
4.71395 -0.142802 4.9 F0
3.93632 0.835108 4.9 G0
0.318225 -0.799327 4.9 G0
0.626279 -0.218429 4.9 A0
3.0444 -0.601569 4.9 B8
5.84253 0.490055 4.9 B8
2.23926 -0.86867 4.9 K0
1.20607 0.276122 4.9 A3
1.90498 -0.427018 4.9 OE
2.1791 -0.574114 4.9 K0
3.51152 -0.274276 4.9 K0
5.37542 0.612239 4.9 ++
4.79254 0.058524 4.9 G5
2.43196 -0.205302 4.9 G5
3.02877 -0.166253 4.8 B9
5.39432 0.366949 4.8 A0
2.33356 -0.916832 4.8 B5
2.4723 -0.0444964 4.8 F5
5.11582 1.21433 4.8 K0
4.06418 -0.172692 4.8 K0
3.98546 -1.10702 4.8 K0
3.02108 -0.942264 4.8 B8
3.30373 -0.693113 4.8 B8
4.60998 -0.861965 4.8 F5
2.841 0.758462 4.8 A0
1.36917 -1.17359 4.8 K0
3.30156 -0.134751 4.8 K0
0.853305 1.14269 4.8 B3
0.467432 -0.190817 4.8 F0
5.26901 0.640386 4.8 B2
5.56285 -0.565185 4.8 A0
1.30469 -0.126464 4.8 B8
1.01047 -0.43213 4.8 B5
5.61857 0.408735 4.8 K5
3.16554 -0.879346 4.8 B5
5.86344 -1.13833 4.8 B9
6.26227 0.433951 4.8 M0
5.31405 -0.22546 4.8 A0
2.01376 -0.49377 4.8 K5
2.89935 -1.08478 4.8 K0
5.5323 0.173296 4.8 F0
2.77469 0.562634 4.8 G0
4.89117 -0.622964 4.8 B3
1.37398 0.581568 4.8 K0
0.483373 0.332515 4.8 A0
4.65097 -0.553061 4.8 B8
4.13628 -0.446819 4.8 B3
0.820535 0.688064 4.8 K0
1.8012 1.3447 4.8 K5
3.62143 1.13394 4.8 M0
5.45409 0.469648 4.8 G5
1.10971 0.357044 4.8 A3
2.12907 -0.823749 4.8 B3
4.24464 -1.37137 4.8 M3
3.36704 -1.02757 4.8 B3
3.22883 0.45594 4.8 F5
2.24339 -1.00942 4.8 K0
1.8962 -0.485055 4.8 MB
5.13738 0.524244 4.8 K0
2.1301 -1.06727 4.8 F5
5.45397 -0.160084 4.8 A3
3.28279 0.399755 4.8 A0
6.03883 -0.419117 4.8 G5
2.05797 -0.863626 4.8 B3
0.908155 -0.0915482 4.8 B9
0.484171 0.0513392 4.8 K0
1.89588 -0.405362 4.8 K5
2.73773 0.981533 4.8 F5
0.234172 1.0282 4.8 K0
0.898423 1.02464 4.8 A0
3.44333 -1.04118 4.8 B8
4.20165 -0.786086 4.8 A3
4.43203 1.13814 4.8 F5
0.483374 0.332475 4.8 A0
4.26568 -0.419762 4.8 A3
4.80366 -0.156416 4.8 G5
4.0993 -0.603037 4.8 B5
4.1894 0.400412 4.8 A2
1.18249 0.257278 4.8 A5
1.35264 0.670683 4.8 A3
1.04933 -1.06846 4.8 K5
3.70061 0.442052 4.8 F5
1.41646 0.382158 4.8 B3
3.62297 -0.552947 4.8 B5
0.547426 0.656645 4.8 A2
5.21127 0.912903 4.8 A3
6.15518 -0.369853 4.8 A0
5.23704 -0.664633 4.8 K5
4.93258 1.03545 4.8 K0
1.16804 0.280768 4.8 A5
2.38173 -0.447777 4.8 K5
4.82892 -1.08756 4.8 B8
4.52016 0.651755 4.8 A2
5.29334 0.443979 4.8 B3
1.20503 -1.08517 4.8 M7
5.67175 -0.333274 4.8 G5
1.80629 0.788214 4.8 A2
2.9514 0.671255 4.8 A2
1.32929 -1.00427 4.8 F8
0.909749 -1.10154 4.8 F5
0.653258 -0.269883 4.8 F5
1.8969 0.864918 4.8 A2
5.20448 -0.461356 4.8 G5
3.53151 -0.104689 4.8 M0
5.37324 -1.06032 4.8 F0
2.25089 1.12582 4.8 K0
6.26513 0.89204 4.8 M7
4.69816 -0.415621 4.8 A0
2.77107 -0.229056 4.8 NB
5.6509 -0.141013 4.8 A5
3.4637 -1.16099 4.8 K0
4.1423 0.625027 4.8 K0
3.69386 -0.928546 4.8 K0
1.9581 -0.53854 4.8 G0
2.7503 0.710059 4.8 A5
0.736394 -0.370169 4.8 K0
4.06851 -0.78178 4.8 B3
2.51261 0.0851023 4.8 K0
1.61148 -0.959178 4.8 B1
4.51186 -0.0068128 4.8 K0
1.9536 -0.400017 4.8 A3
5.91367 0.89512 4.8 A5
2.14502 -0.623914 4.8 B3
3.57288 0.958782 4.8 M0
5.6737 0.889435 4.8 B3
6.16272 -0.748602 4.8 A2
4.29137 -0.828034 4.8 B5
3.47226 -0.314747 4.8 G5
3.73449 0.62377 4.8 K0
0.502377 0.407589 4.8 A5
4.27404 0.0199858 4.8 F0
4.70272 0.076269 4.8 B3
1.13974 0.302462 4.8 A5
2.71858 0.594309 4.8 F0
6.24773 0.998699 4.8 F8
4.99544 -0.708187 4.7 K0
5.37985 0.253084 4.7 A2
1.03756 -0.421619 4.7 A0
4.7775 -0.47233 4.7 K5
4.88489 -0.15886 4.7 F0
4.14779 -0.439464 4.7 B3
1.58777 -0.260566 4.7 A0
5.41217 -0.909339 4.7 F0
5.49006 -0.566438 4.7 G5
5.8423 0.807814 4.7 B5
4.13423 0.45763 4.7 G5
1.79501 -0.351878 4.7 B1
1.30945 0.375601 4.7 A5
6.04095 0.159506 4.7 M0
4.02336 -0.672963 4.7 A0
2.37083 0.674629 4.7 G5
0.49596 -1.18495 4.7 K0
1.68595 -0.122164 4.7 B2
0.0121104 -0.104497 4.7 K0
1.29134 0.0286042 4.7 K0
5.76276 -0.0418449 4.7 B5
4.73383 -0.4968 4.7 K0
1.41466 0.0533019 4.7 B2
4.09167 -0.776624 4.7 F5
2.92538 -1.04799 4.7 F5
0.897887 0.861102 4.7 B5
4.29829 -0.144188 4.7 A2
4.18673 -0.856819 4.7 G5
0.533414 -0.515501 4.7 A0
5.46059 0.771386 4.7 B3
2.89043 0.132762 4.7 F0
2.13334 -0.223008 4.7 K0
1.76825 0.0430827 4.7 K0
0.772444 0.152006 4.7 B5
3.09201 -0.78357 4.7 K0
1.2747 0.175806 4.7 A0
5.29574 0.482754 4.7 K5
4.84299 -0.739158 4.7 G5
0.334718 0.471272 4.7 A2
0.981938 1.24234 4.7 A0
3.07973 -1.16128 4.7 K5
2.27424 -0.12309 4.7 G0
0.182944 0.837952 4.7 B2
4.70292 0.292383 4.7 K0
4.01405 -0.640198 4.7 B3
0.74513 -1.31373 4.7 K2
3.93703 0.47371 4.7 K0
6.13755 0.217897 4.7 K0
1.73758 0.173549 4.7 OE
1.45124 -0.105309 4.7 B1
3.96786 -0.342151 4.7 A0
5.68063 0.4977 4.7 F5
2.38595 1.1121 4.7 ++
2.52636 -0.407769 4.7 B2
6.28055 -0.109815 4.7 M3
0.0528032 -0.335273 4.7 M0
5.64738 -0.343673 4.7 B5
3.47016 0.712711 4.7 F0
1.57494 0.351533 4.7 B2
1.79692 0.231134 4.7 F0
1.66947 0.257456 4.7 NB
4.22901 -0.485172 4.7 B3
0.502595 -0.831278 4.7 G5
1.3889 -0.371557 4.7 A0
1.40564 0.0314539 4.7 B3
0.300631 0.52054 4.7 K0
4.73383 0.152298 4.7 G5
6.27155 -1.14939 4.7 B9
3.3278 -1.05954 4.7 K0
0.734895 0.60834 4.7 K5
3.63904 -1.10728 4.7 K0
4.16865 -0.24673 4.7 B3
3.5931 -0.893307 4.7 K0
5.24733 1.18213 4.7 K0
4.64437 -0.48544 4.7 ++
0.981394 1.14099 4.7 M0
2.52185 -1.06642 4.7 B9
4.82735 -0.254809 4.7 A3
3.8524 0.299761 4.7 K0
1.90471 -0.63952 4.7 B3
0.860917 0.503853 4.7 K5
5.75763 -0.99471 4.7 K5
2.85528 -0.643478 4.7 K0
4.2767 0.541173 4.7 K0
6.27906 -1.34987 4.7 K0
1.88589 -0.458411 4.7 B5
3.6169 -0.571545 4.7 B5
5.2318 0.48196 4.7 A5
2.62972 -0.223778 4.7 B8
4.5237 -1.18196 4.7 K2
2.41618 -0.649331 4.7 F5
1.56012 -0.0536629 4.7 K0
2.27065 0.377858 4.7 A0
1.629 1.21023 4.7 A0
5.12108 -0.436256 4.7 B9
1.43675 0.323914 4.7 M0
4.39415 -0.186684 4.7 F5
0.43121 0.0913735 4.7 K0
2.77875 -1.02839 4.7 K5
1.32037 -0.620473 4.6 K0
0.719619 0.506857 4.6 K0
2.03701 -0.819443 4.6 K0
1.72652 -0.317524 4.6 K0
5.42846 1.00181 4.6 G0
1.31645 0.267667 4.6 B9
2.69536 -0.956053 4.6 K0
3.13422 0.120307 4.6 A3
1.80403 -0.350312 4.6 F5
2.03334 -0.450502 4.6 B2
1.43776 -0.128053 4.6 B3
1.68598 -0.122189 4.6 B2
2.47479 -0.62364 4.6 K2
3.87177 -0.484387 4.6 K2
0.00514589 -0.307427 4.6 A0
6.10062 0.409567 4.6 A5
3.48796 -1.05988 4.6 B5
3.92861 0.0399064 4.6 K0
1.99308 -0.465808 4.6 B3
5.09036 0.428696 4.6 M0
4.58992 -0.811113 4.6 A0
2.64091 0.178782 4.6 K2
4.08662 -0.597777 4.6 K0
6.19649 -0.258684 4.6 A0
4.19419 0.805899 4.6 B9
3.79275 -0.876794 4.6 B2
5.55034 0.1711 4.6 F5
1.39281 -0.00750991 4.6 B3
2.57324 -0.808307 4.6 G5
3.76518 -0.785334 4.6 B3
1.35557 0.0489258 4.6 K0
5.12734 0.874488 4.6 F5
5.03556 0.37177 4.6 B5
6.02719 0.0619677 4.6 B5
5.23418 -0.486082 4.6 M3
3.73675 -0.22937 4.6 A2
2.45108 0.460744 4.6 K0
1.14971 0.270638 4.6 A5
1.53336 0.353756 4.6 F8
2.49325 0.912372 4.6 A0
4.14928 0.743344 4.6 G0
5.33138 0.55899 4.6 K2
2.87043 -0.732294 4.6 A2
4.28117 -0.347704 4.6 K0
6.12122 0.403671 4.6 G0
5.87933 0.828167 4.6 ++
2.9414 -0.058957 4.6 A5
5.51614 -0.439944 4.6 M0
0.964204 -0.653981 4.6 K2
5.43277 -0.0909669 4.6 M0
5.06327 1.14525 4.6 A2
0.514038 1.23335 4.6 A3
5.87414 -0.00482521 4.6 F2
6.22351 -0.495793 4.6 A0
4.70296 -0.0643786 4.6 F0
1.9436 0.157575 4.6 K0
4.60385 -0.141197 4.6 B8
4.5552 -0.0880349 4.6 F0
5.7698 1.12371 4.6 A3
5.11227 0.126909 4.6 K0
3.24827 0.498224 4.6 K0
2.08403 -0.318712 4.6 A2
1.11035 0.875714 4.6 A2
2.49218 0.639151 4.6 G5
5.85769 0.859093 4.6 B8
0.976406 -0.213929 4.6 M0
6.08817 -0.165034 4.6 B5
0.939417 -0.705772 4.6 K0
3.3153 -0.84716 4.6 K0
6.04888 1.31104 4.6 G5
5.81076 0.688816 4.6 K2
1.18485 -0.521269 4.6 K0
3.54482 0.859942 4.6 A3
5.92677 0.768204 4.6 K0
5.77315 -0.694388 4.6 K2
0.237938 0.404012 4.6 G5
5.85378 0.907188 4.6 K0
3.87934 0.336979 4.6 G5
4.31606 -0.372821 4.6 F0
0.766001 0.688778 4.6 A2
0.309916 0.424453 4.6 K0
5.61069 -0.384426 4.6 G5
5.0565 -0.280134 4.6 ++
5.56897 -0.936551 4.6 A5
6.19371 0.0262639 4.6 A5
0.700361 0.479889 4.6 B3
6.06612 0.85753 4.6 F0
2.48752 1.22263 4.6 G0
0.769459 0.368991 4.6 A2
1.45263 -0.0849913 4.6 B3
4.74519 -0.802244 4.6 K0
3.90329 -0.0723263 4.6 F0
1.55431 0.80171 4.6 M0
2.70111 -0.973733 4.6 B5
5.20929 -0.476546 4.6 K2
4.94206 0.394104 4.6 ++
2.48763 1.42332 4.6 K2
2.81581 -1.40109 4.6 B3
1.75043 0.231782 4.6 K0
0.170026 -0.809121 4.6 K0
2.29257 -0.987599 4.6 B3
3.71621 0.907976 4.6 A5
4.20829 -0.361897 4.6 G0
5.04629 1.27869 4.6 K0
4.51812 0.578625 4.6 B3
1.99063 -0.440698 4.6 B8
0.710208 -0.327829 4.6 F5
5.78346 -0.580032 4.6 A2
1.50844 0.68358 4.6 K0
1.98757 -0.608334 4.6 B8
5.85873 0.0196004 4.6 B1
0.632308 1.1725 4.6 A5
5.73572 -0.96397 4.6 F0
3.08591 -1.10847 4.5 B5
6.09176 -0.57255 4.5 K0
2.48462 -0.0168132 4.5 A3
3.75222 -0.685646 4.5 B5
2.05457 -0.676009 4.5 B3
1.68561 -0.56806 4.5 B5
3.02984 -0.0095565 4.5 K0
5.52777 -0.202027 4.5 K0
2.79963 -1.0525 4.5 K5
5.14349 0.30297 4.5 K0
4.8988 0.690443 4.5 A5
4.94257 0.642877 4.5 MB
3.4355 -0.092023 4.5 A0
1.19214 0.718448 4.5 ++
0.156674 0.506854 4.5 G5
3.80701 0.522926 4.5 F0
5.42945 0.278258 4.5 G5
2.91992 -0.393615 4.5 A2
4.90792 -0.100538 4.5 K0
1.52796 0.481752 4.5 A0
1.97821 -0.493191 4.5 B8
3.14362 -1.10016 4.5 A5
5.3009 -0.221032 4.5 G0
6.12358 -0.365058 4.5 K5
3.07792 0.357738 4.5 F8
2.25211 0.061404 4.5 K0
1.80184 1.02086 4.5 G0
1.62399 0.515193 4.5 K0
0.201085 0.127641 4.5 K5
0.263305 0.133018 4.5 K0
5.68167 0.298796 4.5 G5
5.392 -0.0223594 4.5 K0
2.84885 0.436627 4.5 A0
3.49339 -1.12181 4.5 G0
1.54338 -1.10139 4.5 K0
2.63757 0.619405 4.5 A5
1.44894 0.165063 4.5 B0
2.12833 -1.19503 4.5 B5
1.88118 -0.814632 4.5 F0
6.13235 0.106537 4.5 G5
4.01154 -1.03223 4.5 ++
1.70257 0.128652 4.5 A0
1.63525 -0.613008 4.5 K0
0.903373 0.834693 4.5 K0
1.71461 -0.400098 4.5 A0
1.99304 -0.465773 4.5 B8
1.05477 0.383046 4.5 K0
2.56876 0.947697 4.5 A2
4.6975 0.526955 4.5 F0
0.688937 -0.752333 4.5 A2
3.59924 0.309015 4.5 F5
5.97667 -0.578423 4.5 A0
1.66294 0.0806327 4.5 A5
2.50907 -0.857486 4.5 A5
1.35665 -0.226879 4.5 B8
5.02679 0.681707 4.5 B3
2.48217 0.404733 4.5 K5
0.268402 1.50081 4.5 K0
2.64146 -0.00220755 4.5 A0
5.88318 0.748164 4.5 B3
6.15357 -0.664885 4.5 B9
1.46845 0.0714644 4.5 B3
0.728664 -0.56924 4.5 K0
5.43434 0.633661 4.5 B5
3.76534 -0.788093 4.5 F8
0.179391 -1.0077 4.5 A0
5.05975 -0.78358 4.5 F0
0.127738 -1.10376 4.5 A2
3.87622 -0.756945 4.5 B5
2.37956 0.904218 4.5 A3
1.97184 -0.387235 4.5 F8
0.568741 0.150328 4.5 G5
6.0793 -0.163371 4.5 K0
4.94684 0.0722045 4.5 A5
5.41542 0.259951 4.5 A5
5.19818 0.417971 4.5 A0
4.28961 0.246912 4.5 A0
2.09293 0.0431664 4.5 K0
4.52915 -0.367584 4.5 F5
5.68979 1.06272 4.5 A2
3.67821 -0.714555 4.5 B3
4.0256 0.655398 4.5 F0
0.068539 0.637189 4.5 A2
0.149239 0.583714 4.5 B3
1.04793 -1.08731 4.5 MB
1.26726 -0.0966013 4.5 F0
3.43636 0.310553 4.5 F5
4.57589 0.456353 4.5 K0
1.50396 -1.14763 4.5 A5
1.21411 -0.344986 4.5 M0
1.86732 0.529342 4.5 K0
4.54639 0.649102 4.5 A0
1.10379 -0.134904 4.5 G5
5.03803 0.663986 4.5 K0
1.21714 -0.732311 4.5 F2
2.76487 -1.00004 4.5 K5
0.127682 -1.10363 4.5 B9
1.93272 0.860674 4.5 A0
0.296892 0.957916 4.5 A5
2.37815 -1.26364 4.5 F5
1.35247 -0.208179 4.5 B8
0.823642 0.341019 4.5 K0
0.448329 0.155454 4.5 K0
4.09856 0.346102 4.5 A2
4.90665 -0.0838278 4.5 G0
5.42945 0.278258 4.5 G5
2.87832 0.356892 4.4 A0
1.61048 0.248217 4.4 B3
3.20865 -1.37942 4.4 B5
1.78359 -0.934852 4.4 G5
5.56699 0.605386 4.4 B3
3.99149 -0.523009 4.4 K0
5.79346 0.574776 4.4 F5
2.16719 -0.637105 4.4 A5
1.90517 -0.433921 4.4 OE
1.80601 -0.296497 4.4 B5
0.969645 0.424323 4.4 B5
3.09961 -0.58695 4.4 B9
6.03914 -0.764295 4.4 F5
1.55231 -0.615884 4.4 B3
0.93514 0.00426413 4.4 G5
3.36095 -0.849478 4.4 K2
5.87416 -0.00482913 4.4 F2
1.1114 -0.900798 4.4 F5
5.22065 -0.618077 4.4 B3
4.92004 -1.08643 4.4 B2
1.52244 -0.980501 4.4 K0
4.41139 1.43331 4.4 G5
1.11533 -1.03711 4.4 K2
3.99263 -0.832393 4.4 B8
0.707884 0.17286 4.4 F0
4.90792 0.316331 4.4 A3
3.73856 -0.980131 4.4 B5
3.42075 -0.866362 4.4 B3
5.28228 1.35371 4.4 B9
4.66136 1.51162 4.4 A0
4.556 -0.520521 4.4 F5
0.487134 -0.812397 4.4 M3
3.60646 -0.596935 4.4 MB
1.19077 0.175577 4.4 A3
4.72882 -1.11131 4.4 A5
1.03825 -1.07409 4.4 M0
4.55545 0.0729941 4.4 K0
0.205282 0.712217 4.4 B3
5.7759 -0.246319 4.4 B8
1.7186 -0.923874 4.4 A0
2.14794 -0.701521 4.4 K0
1.7007 -0.408079 4.4 B1
0.894486 1.04315 4.4 B9
5.68093 -0.580409 4.4 A0
1.45803 0.161709 4.4 K0
1.14891 0.396222 4.4 A5
0.24521 -0.517095 4.4 B5
2.78079 -0.965907 4.4 G0
2.26681 -1.0399 4.4 B2
0.705729 -0.245559 4.4 B5
4.61902 -0.22428 4.4 A2
3.65906 -0.791719 4.4 F5
3.59031 -0.572322 4.4 F5
1.14487 0.387133 4.4 A3
3.95083 -0.78695 4.4 B3
2.28643 -0.233243 4.4 G5
2.72647 -0.537781 4.4 K5
6.07258 -0.110285 4.4 M0
1.27963 0.936796 4.4 A2
0.0631445 0.670279 4.4 A2
2.72707 0.645146 4.4 K0
1.26128 1.15647 4.4 B0
1.25613 0.153868 4.4 A0
3.78563 1.32502 4.4 K2
2.17913 0.756604 4.4 K5
2.13616 -0.688857 4.4 K5
1.59137 0.257893 4.4 B2
4.52918 -0.223364 4.4 A0
4.11904 0.131049 4.4 G0
2.07131 -0.396984 4.4 F8
0.633348 -0.836494 4.4 B5
2.29417 0.105132 4.4 A0
3.27026 -0.277846 4.4 F0
4.70896 0.022773 4.4 A2
5.88467 -0.569031 4.4 A0
4.31215 -0.288072 4.4 K0
0.769587 -0.706928 4.4 A2
2.12093 -0.0495134 4.4 G0
2.34844 -0.716602 4.4 F8
1.63717 1.0303 4.4 A0
5.13938 0.312371 4.4 G0
4.12682 1.36047 4.3 A2
0.730498 0.665217 4.3 F0
4.74127 0.36312 4.3 B3
6.18692 0.76894 4.3 A0
5.42421 -0.444221 4.3 F8
4.79363 -1.07372 4.3 K2
4.41411 0.178831 4.3 B8
5.42621 0.532958 4.3 K0
1.33846 -0.153881 4.3 B2
5.5652 0.683895 4.3 A0
2.57031 -0.255014 4.3 K0
3.36691 -0.993209 4.3 B3
1.20148 0.216633 4.3 A3
5.69389 0.856566 4.3 B3
0.521227 0.0440358 4.3 A2
4.90023 0.655402 4.3 A3
6.17706 0.750338 4.3 B8
0.908044 0.222822 4.3 K0
4.98745 -0.648164 4.3 F8
5.58406 0.341904 4.3 K0
3.27848 0.726562 4.3 G0
2.05876 -0.837265 4.3 B1
2.04079 -0.807153 4.3 B0
0.692954 -1.19522 4.3 B9
0.290548 0.819882 4.3 B8
4.22017 0.786534 4.3 B9
1.7971 -0.208997 4.3 K2
5.59525 -1.14483 4.3 F8
4.22843 -0.337412 4.3 B3
3.16017 -1.12285 4.3 F0
1.38435 -0.230855 4.3 B1
5.87643 -0.768046 4.3 MB
1.28088 0.234522 4.3 K0
4.33312 -0.613561 4.3 M0
3.44502 0.490981 4.3 G0
0.929061 0.83825 4.3 B5
0.974562 0.415287 4.3 B5
4.55232 -0.421168 4.3 F0
1.57551 0.406102 4.3 G5
1.10312 0.153042 4.3 B3
5.95242 0.207972 4.3 F5
0.614589 -1.2023 4.3 A2
6.18447 0.0934653 4.3 F8
4.94719 0.765838 4.3 M3
4.2032 -0.639976 4.3 B3
5.0573 -0.77763 4.3 B8
3.21014 -1.11222 4.3 B3
2.00796 0.506255 4.3 K0
0.634848 0.143763 4.3 A0
5.6827 0.443566 4.3 F5
3.66126 0.0311661 4.3 A2
4.72035 -0.516341 4.3 F8
1.21841 0.399031 4.3 B5
1.05963 0.876462 4.3 A0
2.33767 0.210356 4.3 A3
2.2716 0.0624714 4.3 B3
0.863636 -0.755028 4.3 G5
1.09614 0.842721 4.3 G0
2.12404 -0.333314 4.3 B3
3.72838 0.808388 4.3 A0
4.7914 0.629033 4.3 K0
5.58272 -0.297554 4.3 K0
4.31144 -0.603836 4.3 B3
4.90223 0.357743 4.3 F5
4.12983 0.319304 4.3 K5
3.60875 0.280041 4.3 K5
1.43164 0.103177 4.3 B3
3.36263 -0.696514 4.3 A5
0.0762689 -1.13741 4.3 F8
5.36141 1.09651 4.3 A5
2.96147 -0.946261 4.3 B5
2.19118 -1.34956 4.3 K0
5.99164 -0.572595 4.3 K0
0.194965 0.418801 4.3 K0
0.923182 -0.380472 4.3 B8
0.980418 -0.408342 4.3 F8
5.9388 -1.42497 4.3 F0
5.12313 -0.0244146 4.3 B5
3.7098 -0.175264 4.3 K0
4.14941 -0.289447 4.3 K0
4.07829 -0.740104 4.3 K5
5.28938 0.984613 4.3 A3
5.82153 -0.140202 4.3 K0
4.33055 0.742449 4.3 A0
4.59502 -0.673733 4.3 K0
2.27698 0.320083 4.2 K0
4.06187 0.550246 4.2 B5
4.34537 -1.35118 4.2 K0
4.80609 1.24462 4.2 A0
1.23482 -0.058378 4.2 B5
6.11016 -0.355589 4.2 K0
4.16922 0.471614 4.2 K0
2.40046 -1.08405 4.2 B3
3.98625 -1.02305 4.2 A3
6.01239 -0.925421 4.2 G5
0.131506 1.09356 4.2 B0
5.00295 -0.688045 4.2 G5
1.94559 0.556509 4.2 F0
1.40297 -0.137052 4.2 K0
0.993012 -0.634439 4.2 K0
2.28496 0.505172 4.2 G5
0.701497 0.855533 4.2 F8
5.81712 0.991237 4.2 F0
1.30446 1.05369 4.2 G0
3.72361 -0.10058 4.2 F5
3.15321 0.157266 4.2 G5
4.93843 -1.17459 4.2 F5
0.809157 0.862613 4.2 G0
3.20639 -1.18128 4.2 MB
2.54762 -1.08693 4.2 G0
0.78621 -0.415728 4.2 A3
0.438569 0.880305 4.2 B0
5.4491 -0.473116 4.2 M0
3.18099 -0.909145 4.2 B3
5.20028 -0.733065 4.2 K0
2.24715 0.102614 4.2 A0
2.36345 -1.15534 4.2 A5
5.81974 0.654484 4.2 K 
1.14578 0.310936 4.2 A2
2.30562 -0.480375 4.2 K2
0.409508 0.71831 4.2 G0
5.18643 0.572234 4.2 M7
5.63784 0.791857 4.2 K0
4.96263 0.261782 4.2 K0
2.50015 -1.02985 4.2 B5
1.51853 0.683051 4.2 K0
5.92493 -0.476561 4.2 B8
1.56919 0.168408 4.2 A2
4.06841 0.186837 4.2 F0
3.07214 -1.06291 4.2 G0
1.9759 0.471389 4.2 K5
2.86817 -0.31472 4.2 K0
0.513338 -0.372093 4.2 M0
2.42073 -1.00062 4.2 K5
3.16703 -0.426734 4.2 F2
3.06868 0.118851 4.2 M0
5.96443 -0.24185 4.2 K5
3.74158 -0.657228 4.2 A0
3.64591 -0.777726 4.2 B3
4.19584 -0.196118 4.2 F8
5.29675 0.830077 4.2 ++
5.51148 -0.304258 4.2 A0
3.2521 -0.871861 4.2 B3
2.73161 -1.02073 4.1 F0
2.28032 -0.741194 4.1 G5
4.82139 -0.856959 4.1 K0
3.8423 -0.61016 4.1 K0
1.62497 -0.109222 4.1 K0
3.81577 -0.85886 4.1 B5
5.55592 0.0879663 4.1 ++
2.08044 -0.857104 4.1 B1
3.73584 -0.799854 4.1 B3
2.57403 0.458033 4.1 K0
1.19476 -0.0602702 4.1 B2
3.00397 1.21488 4.1 M0
1.83912 -0.271538 4.1 B5
5.06331 -0.710558 4.1 B8
6.05427 -0.794437 4.1 K0
4.06713 -1.15456 4.1 K0
1.87322 -0.0071288 4.1 A0
6.08476 -1.02119 4.1 F2
3.7677 0.908988 4.1 F8
2.67312 -0.730833 4.1 A2
4.13545 -0.584275 4.1 B9
0.519755 1.25979 4.1 A2
2.72127 -0.289383 4.1 K5
0.692432 -0.699328 4.1 K0
0.586141 0.586729 4.1 A0
0.289234 -0.968879 4.1 B8
4.87473 -1.24747 4.1 K0
2.28783 -0.800371 4.1 A0
4.85413 -0.144525 4.1 K0
3.74657 -1.45633 4.1 K2
4.25899 -0.873274 4.1 K0
5.95209 0.406698 4.1 K0
4.72516 0.0438011 4.1 K0
2.18101 -1.33975 4.1 F5
4.20571 -0.358409 4.1 B2
2.25097 -0.747233 4.1 A5
2.26442 -0.811055 4.1 F5
2.77156 -0.837155 4.1 ++
2.77025 -1.36744 4.1 M0
2.51896 -0.0159687 4.1 K0
1.72134 -0.335313 4.1 K0
1.68422 0.353352 4.1 B5
2.97745 -0.303847 4.1 A5
2.00214 -0.16464 4.1 K0
4.96987 -0.101421 4.1 K0
0.744809 0.917335 4.1 ++
2.96077 0.110019 4.1 A0
5.90265 -0.00655841 4.1 B8
3.96384 -0.847343 4.1 B9
2.01498 -0.503252 4.1 A2
1.14387 -0.595714 4.1 K5
1.08831 -0.12159 4.1 F2
1.79793 -0.420978 4.1 K2
5.00068 -0.662951 4.1 A2
5.2135 -1.27488 4.1 A0
2.72013 -1.28765 4.1 F5
4.19292 1.02448 4.1 F8
4.43135 -0.926523 4.1 K2
2.34486 0.732727 4.1 F5
5.35533 0.527101 4.1 F5
3.83468 -0.655897 4.1 B3
4.68855 0.65024 4 K0
2.32965 -1.05511 4 B8
1.90617 -1.18448 4 F5
5.68094 1.02189 4 M0
1.03806 0.215558 4 B3
2.4914 -1.092 4 M5
5.37048 0.194293 4 B5
5.87429 -0.763613 4 G5
3.52616 -0.683292 4 K0
2.26083 -0.613131 4 G5
5.04377 0.929833 4 K0
0.828795 -0.509342 4 F8
3.84156 -0.0949795 4 F5
4.75939 -0.367806 4 B8
4.1617 -0.50736 4 B3
0.759142 -0.158757 4 K0
0.812069 0.77963 4 K0
0.860845 -0.382904 4 MB
3.27011 -1.25414 4 B5
5.87874 1.01506 4 ++
4.06978 -0.25524 4 K0
3.64434 -0.730549 4 B3
2.19546 -0.0653115 4 A0
1.20379 -0.251335 4 K0
5.18516 1.22419 4 K0
5.21168 0.609984 4 K0
3.93442 -0.817807 4 B5
6.17458 0.806118 4 K0
1.06911 0.830446 4 B3
5.84281 -0.0286223 4 A0
6.26897 0.114956 4 F5
5.47731 0.715129 4 A0
1.6593 -0.583115 4 G5
3.21728 -0.00679054 4 A0
3.50473 0.96426 4 A5
4.70427 0.0511799 4 B5
5.19203 0.0152873 4 G0
2.97281 0.188581 4 F5
0.972349 0.422598 4 B5
4.23621 -1.10934 4 G0
1.0285 0.622193 4 OE
1.56039 -0.747299 4 K0
5.28859 0.813129 4 ++
3.29412 -0.842404 4 A2
0.728816 0.971966 4 K0
1.1594 0.276684 4 K0
3.49908 0.963115 4 A2
2.90792 -1.02458 4 F8
5.78001 0.438081 4 F5
5.0561 -0.313164 4 A5
0.684677 0.00198774 4 B2
0.389087 -0.861006 4 K0
0.103622 -0.767197 3.9 A3
5.3988 0.274619 3.9 B8
4.26836 0.810384 3.9 B5
0.965065 0.560801 3.9 B1
4.31266 0.0365116 3.9 A0
3.83431 0.24333 3.9 A2
2.56324 1.03455 3.9 F0
1.51014 -0.891581 3.9 A3
1.55076 0.947424 3.9 K0
0.235486 0.667215 3.9 A2
1.04935 0.102138 3.9 A0
2.84252 -1.02254 3.9 K0
1.13467 0.304157 3.9 K0
1.30454 0.715671 3.9 ++
2.94751 0.555203 3.9 G0
1.83759 0.36033 3.9 G0
2.74968 0.166932 3.9 B0
4.98155 -0.38077 3.9 K0
1.27254 0.0411958 3.9 B3
3.27842 1.22284 3.9 B5
5.51136 0.76319 3.9 K5
0.0300178 -0.803257 3.9 K0
3.06924 0.838748 3.9 K0
4.4435 0.541032 3.9 A0
4.92284 0.581255 3.9 ++
4.30098 -1.37513 3.9 K0
1.19383 -0.535181 3.9 K0
4.16323 0.276173 3.9 F5
2.83843 0.601875 3.9 K0
2.01782 -1.26512 3.9 K0
1.93131 0.486933 3.9 K0
1.52354 -0.36446 3.9 K0
5.20482 0.109616 3.9 K0
1.12113 0.270674 3.9 K0
4.68037 0.992742 3.9 K0
0.475562 -0.18468 3.9 K0
4.10432 0.46169 3.9 A0
6.08497 0.0525133 3.9 K0
4.80649 0.379533 3.9 K0
1.43744 -0.619699 3.9 K0
5.6017 -0.39495 3.9 G5
5.88711 0.873101 3.9 A0
0.967733 0.74041 3.9 F5
4.72433 -0.874359 3.9 B1
5.0983 0.900983 3.9 A2
1.87265 -1.22903 3.9 K0
0.881909 0.154536 3.8 G5
5.17122 0.321309 3.8 ++
0.918796 -0.168011 3.8 K0
1.54517 -0.247409 3.8 F0
0.968225 0.418141 3.8 B5
2.65355 -0.211294 3.8 K0
2.40752 0.044092 3.8 A0
4.92284 0.581255 3.8 ++
3.85595 0.0366954 3.8 A0
1.4671 -0.0458561 3.8 B0
0.892105 0.166849 3.8 B8
4.73678 0.501859 3.8 A0
0.0736517 -0.158842 3.8 K0
2.69314 0.350713 3.8 K0
2.47666 1.10448 3.8 F0
4.07527 -0.488185 3.8 K2
4.81391 -0.802818 3.8 B3
2.95326 -0.253207 3.8 K0
5.30267 -0.221679 3.8 G5
2.42487 0.646041 3.8 A2
2.15463 0.163032 3.8 K2
1.10105 -0.740312 3.8 K0
4.41158 -0.737886 3.8 K5
3.79467 0.533897 3.8 K0
2.05293 -0.705914 3.8 G5
5.66064 -0.294772 3.8 F0
4.13783 0.0807547 3.8 A2
2.52411 0.17664 3.8 ++
1.25899 0.0963632 3.8 B3
0.414126 0.844316 3.8 K0
6.05098 -0.374271 3.8 K0
4.69415 0.510544 3.8 K0
4.08223 -0.516877 3.8 B3
3.08962 0.0357192 3.8 F8
0.35571 -0.147321 3.8 K0
1.45381 -1.09122 3.8 F5
4.2748 0.336312 3.8 F0
1.4939 -0.392061 3.8 F8
0.587843 -0.903086 3.8 B8
0.986913 0.417171 3.8 B8
4.61662 0.80341 3.8 B3
5.43221 -0.168949 3.8 A0
5.55361 0.660279 3.8 F0
3.84649 -1.37593 3.8 K5
0.975491 -1.13383 3.8 K0
3.06844 -1.1598 3.8 A5
4.56656 -1.05845 3.8 B8
5.97778 -0.136941 3.8 M0
1.88837 -0.465736 3.8 B3
1.78011 -0.566353 3.8 B2
5.95831 -0.900247 3.7 A2
5.45816 -1.02354 3.7 K0
2.27583 -0.576049 3.7 B2
4.64861 0.0475519 3.7 A0
2.94866 0.582371 3.7 K0
2.35716 0.826514 3.7 A0
1.62254 0.393103 3.7 M0
4.73411 0.166771 3.7 A3
5.96856 1.15082 3.7 K0
2.26396 -0.92055 3.7 B3
1.45029 0.172828 3.7 OE
0.963642 -0.173336 3.7 K0
0.387477 0.263348 3.7 G5
0.149104 0.935882 3.7 B3
5.65486 -1.35462 3.7 K0
5.22086 0.337811 3.7 K5
0.793964 0.674535 3.7 M3
1.8314 -0.486284 3.7 K5
4.03942 0.51098 3.7 F0
4.01109 -0.776866 3.7 B3
5.96722 0.424763 3.7 K0
0.728823 0.472211 3.7 B8
3.37321 0.0640323 3.7 M0
4.11844 0.271871 3.7 A2
3.01304 -0.551188 3.7 G5
2.59663 -0.948222 3.7 B5
5.38959 0.251678 3.7 F5
5.79308 0.103867 3.7 A2
4.38713 -1.02895 3.7 K5
2.36679 -0.818523 3.7 K0
0.497479 -0.905078 3.7 G5
4.8082 1.26906 3.7 F8
1.37522 -0.120375 3.7 B5
2.02228 -0.660542 3.7 K5
2.01337 0.427947 3.7 G5
1.50399 -0.258993 3.7 A2
4.60209 -0.268237 3.6 A5
4.95127 -0.369558 3.6 K0
5.79936 1.01149 3.6 K0
2.3983 -1.02558 3.6 B3
4.00826 -0.62974 3.6 K5
1.78676 0.593822 3.6 A2
2.6381 0.296833 3.6 A0
6.0197 0.734033 3.6 ++
5.92961 0.184478 3.6 B8
2.6787 0.413071 3.6 F0
0.480943 0.512012 3.6 F5
0.200978 1.00445 3.6 F8
1.15979 0.275092 3.6 F0
3.22296 -1.04938 3.6 K2
4.40235 -0.662077 3.6 B2
0.701215 0.0528158 3.6 A2
0.288301 -0.182331 3.6 K0
3.67842 1.12773 3.6 A0
3.39815 -1.24407 3.6 K2
2.20435 -1.15139 3.6 K0
5.42917 1.07589 3.6 K0
3.92726 0.708375 3.6 G5
2.48154 -0.702443 3.6 F5
5.41261 -1.15863 3.6 A5
5.25275 -1.15736 3.6 G5
2.74995 -1.07212 3.6 B5
2.67276 -1.21805 3.6 B8
2.07479 -0.922362 3.6 B3
4.1321 -0.0572223 3.6 A0
1.89901 0.290288 3.6 A2
4.17483 -0.667685 3.6 B3
0.443943 -0.282746 3.6 K0
1.11701 -0.592004 3.6 B9
4.6287 -1.12928 3.6 K0
1.1593 0.332855 3.6 K0
4.36847 0.680963 3.6 K0
0.159905 0.533856 3.5 K2
1.30191 0.763608 3.5 F5
3.52109 -0.401835 3.5 M7
2.2084 1.06269 3.5 G0
4.50455 0.252129 3.5 MB
1.90737 0.385301 3.5 F0
3.68054 -0.461506 3.5 K0
4.03089 1.0322 3.5 K0
4.543 -0.983197 3.5 B1
3.98583 0.584691 3.5 K0
2.67947 0.753369 3.5 A2
5.98647 -0.280775 3.5 A2
4.98987 -0.0865525 3.5 B9
1.19081 -0.962509 3.5 A0
4.64476 0.484307 3.5 G5
2.28695 0.115252 3.5 F8
2.0385 -0.431674 3.5 G0
3.60627 -0.723253 3.5 B2
3.96486 -0.906009 3.5 K0
4.69612 -0.170505 3.5 K0
4.48797 -0.753551 3.4 F2
3.19814 1.00025 3.4 A2
3.93195 -0.437846 3.4 M3
3.83292 -1.13026 3.4 F0
0.278624 -0.820061 3.4 K0
3.54364 -0.00595114 3.4 A2
4.79408 -0.0508482 3.4 K0
1.75616 0.226041 3.4 F5
1.40482 -0.0426131 3.4 B1
3.90909 -0.731379 3.4 B3
1.10731 -1.09255 3.4 G5
4.43008 0.164957 3.4 K0
4.50864 0.643405 3.4 K5
5.27406 -0.0169494 3.4 A0
4.53321 -0.435485 3.4 B3
5.07444 0.0525973 3.4 F0
4.99085 -0.484247 3.4 K0
5.54494 0.523965 3.4 K0
2.68523 -1.06608 3.4 K5
0.483338 1.10697 3.4 B3
0.769536 -0.706932 3.4 A2
0.769535 -0.706931 3.4 A2
6.18403 1.35007 3.4 K0
2.93049 0.274072 3.4 A0
0.376102 -0.760508 3.4 K5
4.00588 -0.7063 3.4 B2
1.77883 -1.08014 3.3 A5
4.65328 -0.646284 3.3 K2
1.25281 0.120002 3.3 F8
2.48502 0.905938 3.3 F8
5.31541 -0.260765 3.3 ++
5.62006 1.22768 3.3 B1
4.89797 -0.472007 3.3 B8
3.02581 -1.09507 3.3 B9
1.3221 0.718535 3.3 B3
4.96141 0.569323 3.3 A0
3.47407 -0.399825 3.3 G5
4.25717 -0.0797982 3.3 K0
2.32457 0.107111 3.3 K0
2.82375 -0.278057 3.3 K0
1.95321 -0.75397 3.3 K5
1.32358 -0.391598 3.3 K5
2.4348 0.603974 3.3 K5
3.6067 -0.736973 3.3 B2
1.35561 -0.283849 3.3 A0
3.33005 -1.18394 3.3 B3
1.72888 -0.753129 3.2 B8
1.52365 -0.624584 3.2 K0
0.994799 -1.2984 3.2 M0
1.65778 0.393417 3.2 M0
4.77454 -0.64191 3.2 M3
3.17453 -0.389936 3.2 K0
1.74906 0.439517 3.2 G5
5.77362 -0.00983488 3.2 G0
4.50721 0.434533 3.2 A2
2.70246 0.728705 3.2 K5
5.09943 0.486135 3.2 ++
1.02841 -0.238229 3.2 K5
5.71991 -0.656261 3.2 B8
5.02894 1.17938 3.2 K0
5.3846 -0.828464 3.2 K0
4.48827 1.14801 3.2 B5
1.65105 -0.524296 3.1 B3
3.26059 -0.283394 3.1 A0
0.790459 0.930475 3.1 ++
0.957112 0.831292 3.1 B5
5.93697 0.522888 3.1 G0
4.40032 -0.66259 3.1 B3
4.0177 1.25685 3.1 A2
2.54389 0.418974 3.1 G0
2.90972 0.781387 3.1 K0
4.26796 -0.444614 3.1 B1
2.33784 0.841937 3.1 A5
4.72371 -0.531045 3.1 K0
0.552221 0.606534 3.1 A5
1.88501 -0.777672 3.1 M5
3.98899 -1.1955 3.1 A0
1.83668 -0.414673 3.1 B5
5.62401 -0.101092 3.1 G0
4.64295 -0.700046 3.1 F5
2.55627 -1.13166 3.1 F0
3.63207 -0.821056 3.1 B2
3.19603 -1.02051 3.1 B3
4.42648 -0.975875 3.1 K5
1.93923 0.146462 3.1 B8
4.06574 -0.71559 3 B3
4.17056 -0.453292 3 B2
1.02316 0.695817 3 B1
4.57264 -0.869851 3 B3
4.14828 -1.10442 3 F0
0.51136 -1.07883 3 F0
4.3607 0.553134 3 G0
1.46021 0.368507 3 B3
4.57844 0.913465 3 G0
1.42289 -0.362994 3 G0
2.79762 -1.11932 3 B0
5.00382 -0.368349 3 F2
4.98776 0.240641 3 A0
0.979597 0.418043 3 B5
5.16361 0.785535 3 A0
3.40203 0.195956 3 K0
2.48579 -0.991578 3 K5
5.69101 -0.285451 3 A5
4.23994 -0.0622569 3 M0
3.79637 0.672408 3 F0
4.82097 -0.444207 2.9 K0
0.0465019 0.260154 2.9 B2
0.101038 -1.35325 2.9 G0
5.82545 -1.05609 2.9 K2
4.33175 -0.490683 2.9 B0
2.11802 -0.421654 2.9 F5
1.33251 -0.0898774 2.9 A3
1.00785 0.553912 2.9 B1
0.806804 0.711476 2.9 B8
3.8751 -0.276376 2.9 A3
3.16671 -0.880414 2.9 B3
4.19981 -0.343308 2.9 B1
4.29049 1.07559 2.9 G5
3.48096 -0.636157 2.9 A2
3.83358 -0.823356 2.9 B2
3.3123 -0.0205153 2.9 F0
3.37587 0.673488 2.9 A0
1.45292 -0.103693 2.9 OE
1.28165 0.57751 2.9 K2
4.62949 0.0800517 2.9 K0
3.29072 -1.20184 2.9 B3
5.16566 0.183087 2.8 K2
1.78327 -0.882339 2.8 K0
0.360083 1.04678 2.8 A5
3.19932 -0.301321 2.8 B8
0.783925 0.0679765 2.8 M0
1.47409 -0.595151 2.8 B5
4.56997 -0.650274 2.8 B3
4.10939 0.114871 2.8 K0
4.31126 0.376943 2.8 K0
4.79002 -0.521003 2.8 K0
2.81266 -0.857925 2.8 G5
4.54282 -0.968396 2.8 K2
3.28015 -0.403528 2.8 G5
0.234189 1.05499 2.8 B0
3.63161 0.325462 2.8 G0
3.90625 -0.749338 2.8 B2
0.488135 0.358918 2.7 A5
4.97171 -0.522788 2.7 A2
1.89969 -0.645888 2.7 K5
1.44218 -0.311658 2.7 F0
4.3389 -0.182691 2.7 B0
3.98944 -0.160565 2.7 B8
1.5547 0.649457 2.7 A0
3.85195 0.476197 2.7 K0
5.57365 1.08862 2.6 A5
5.42879 0.589607 2.6 K0
6.02726 0.485398 2.6 M0
3.56355 -0.92874 2.6 B1
3.80622 -0.73198 2.6 ++
2.69312 0.350728 2.6 K0
2.44592 -0.956379 2.6 B3
4.48335 -0.2734 2.6 A2
6.03128 0.26068 2.6 A0
2.92976 0.362993 2.6 A3
4.62087 -0.680789 2.5 B2
0.164302 0.981983 2.5 K0
1.4375 -0.00583914 2.5 B0
3.10324 0.942003 2.5 A0
4.17732 -0.392366 2.5 B0
5.67987 0.168336 2.5 K0
4.39352 -0.596978 2.4 K0
3.49902 0.963177 2.4 A2
3.31066 -0.84972 2.4 A0
0.0283423 1.02755 2.4 F5
0.103922 -0.743115 2.4 K0
0.292012 0.617079 2.4 M0
1.9291 -0.509714 2.4 B5
2.87472 0.988744 2.4 A0
4.69251 0.89874 2.4 K5
4.0691 0.469177 2.3 A0
2.42492 -1.03088 2.3 F0
0.527175 0.734624 2.3 K0
2.10236 -0.695712 2.3 O 
3.68147 -0.630498 2.3 K0
5.32514 0.699802 2.3 F8
3.88697 1.29782 2.2 K5
0.179246 -0.318711 2.2 K0
5.93277 -0.822866 2.2 M3
1.50702 -0.169052 2.2 B0
2.38305 -0.754504 2.2 K5
0.542573 0.405387 2.2 K2
2.46584 -0.147323 2.2 K2
5.7818 -0.823866 2.2 B5
3.08273 0.25921 2.2 A2
0.0252957 0.502908 2.1 A0
4.59288 0.219824 2.1 A5
1.55273 0.784432 2.1 A0
5.33069 -0.993044 2.1 B3
0.474787 1.55385 2.1 F8
4.94 -0.46008 2.1 B3
1.86033 -0.459242 2 F8
2.28343 -0.951632 2 A0
4.59773 -0.749935 2 F0
1.47582 -0.0343393 2 B0
1.66023 -0.312934 2 B1
4.80338 -0.600572 2 A0
4.17748 0.454848 2 PE
2.88267 1.08248 2 K0
0.596979 -0.0559155 2 M5
3.60224 0.865025 1.9 B3
4.37794 -1.20321 1.9 K2
2.12926 -0.823593 1.9 OA
1.72274 0.286997 1.9 A0
0.875896 0.867167 1.9 F5
1.45593 -0.0215078 1.8 B0
1.40991 0.498591 1.8 B8
2.41144 -1.2132 1.8 A0
2.18816 -1.03582 1.7 ++
1.40694 0.110061 1.7 B2
3.36776 0.981414 1.7 A0
4.58241 -0.646982 1.7 B2
3.26542 -0.99193 1.6 M3
3.24544 -1.09645 1.6 B1
1.81802 -0.50445 1.6 B1
1.96965 0.558501 1.6 A0
3.337 -1.037 1.5 B1
2.64291 0.213146 1.3 B8
5.9991 -0.521639 1.3 A3
5.40932 0.787159 1.3 A2
2.01698 0.491286 1.2 K0
3.50181 -0.190257 1.2 B2
1.1914 0.286416 1.1 K5
4.30371 -0.459419 1.1 ++
5.18513 0.152453 0.9 A5
3.66639 -1.04952 0.9 B1
0.418247 -1.00339 0.6 B5
1.53791 0.129144 0.6 M0
1.99267 0.0934566 0.5 F5
1.36194 -0.144129 0.3 B8
3.72357 0.339326 0.2 K0
1.36568 0.801969 0.2 G0
4.86617 0.676071 0.1 A0
3.82309 -1.0582 0.1 ++
1.67046 -0.919223 -0.9 F0
1.75818 -0.290531 -1.6 A0
